1 170 147 41 37
1 169 48 37 32
1 218 50 35 34
1 121 49 35 34
3 119 97 34 38
3 223 147 35 39
4 221 98 37 39
6 120 146 37 38
1 171 148 42 38
1 169 48 37 32
1 218 50 37 34
1 122 49 36 34
3 119 97 34 38
3 223 147 35 39
4 221 98 37 40
6 120 146 37 38
1 171 148 42 38
1 169 48 37 32
1 218 50 35 34
1 121 49 35 34
3 119 97 34 38
3 223 147 35 39
4 221 98 36 38
6 120 146 37 38
1 171 147 42 37
1 169 48 37 32
1 218 50 35 34
1 122 49 36 34
3 119 97 34 38
3 223 147 35 39
4 221 98 37 40
6 120 146 37 38
1 171 147 42 37
1 169 48 37 32
1 218 50 35 34
1 121 49 35 34
3 119 97 34 38
3 223 147 35 39
4 221 98 37 39
6 120 146 36 38
1 171 147 42 37
1 169 48 37 32
1 218 50 35 34
1 122 49 36 34
3 119 97 34 38
3 223 147 35 39
4 221 98 37 39
6 121 146 36 38
1 170 147 41 37
1 169 48 37 32
1 219 50 36 34
1 121 49 35 34
3 119 97 34 38
3 223 148 35 38
4 221 98 37 40
6 121 146 36 38
1 171 147 42 37
1 169 48 37 32
1 218 50 35 34
1 121 49 35 34
3 119 97 34 38
3 224 148 36 38
4 221 98 37 40
6 121 146 36 38
1 171 148 42 38
1 169 48 37 32
1 219 50 36 34
1 122 49 36 34
3 119 97 34 38
3 223 147 35 39
4 221 98 36 40
6 120 146 36 38
1 171 147 42 37
1 169 48 37 32
1 219 50 36 34
1 121 49 35 34
3 119 97 34 38
3 223 148 35 38
4 221 98 37 38
6 120 146 37 38
1 171 147 42 37
1 169 48 37 32
1 219 50 36 34
1 121 49 35 34
3 119 97 34 38
3 223 148 35 38
4 221 98 37 39
6 120 146 35 38
1 170 148 41 38
1 169 48 37 33
1 218 49 35 33
1 122 49 36 34
3 119 97 34 38
3 223 148 35 38
4 221 97 37 39
6 121 146 36 38
1 171 147 42 37
1 169 48 37 33
1 218 50 35 34
1 121 49 35 34
3 223 147 35 39
3 119 97 34 38
4 221 97 37 39
6 121 146 36 38
1 171 147 42 37
1 169 48 37 32
1 218 49 35 33
1 121 49 35 34
3 119 97 34 38
3 223 148 35 38
4 221 98 36 40
6 120 146 37 38
1 170 148 41 38
1 169 48 37 33
1 219 50 36 34
1 122 49 36 34
3 119 97 34 38
3 223 147 35 39
4 221 98 37 40
6 120 146 37 38
1 171 147 42 37
1 169 48 37 32
1 218 50 35 34
1 121 49 35 34
3 119 97 34 38
3 223 148 35 38
4 221 98 37 40
6 120 146 37 38
1 171 148 42 38
1 169 48 37 33
1 219 50 36 34
1 122 49 36 34
3 119 97 34 38
3 223 148 35 38
4 221 98 37 40
6 120 146 37 38
1 171 147 42 37
1 169 48 37 32
1 218 49 35 33
1 122 49 36 34
3 119 97 34 38
3 223 147 35 39
4 221 97 37 39
6 120 146 37 38
1 170 147 41 37
1 169 48 37 32
1 219 50 36 34
1 122 49 36 34
3 119 97 35 38
3 223 148 35 38
4 221 98 37 39
6 121 146 36 38
1 170 147 41 37
1 169 48 37 32
1 218 50 35 34
1 122 49 36 34
3 119 97 34 38
3 223 147 35 39
4 221 97 37 39
6 121 146 36 38
1 171 147 42 37
1 169 48 37 32
1 219 50 36 34
1 122 49 36 34
3 119 97 34 38
3 223 147 35 39
4 221 98 37 39
6 120 146 37 38
1 171 147 42 37
1 169 48 37 32
1 219 50 36 34
1 121 49 35 34
3 119 97 34 39
3 223 147 35 39
4 221 98 37 40
6 120 146 37 38
1 171 147 42 37
1 169 48 37 32
1 219 50 36 34
1 122 49 36 34
3 119 97 34 38
3 223 147 35 39
4 221 97 36 39
6 120 146 37 38
1 171 147 42 37
1 169 48 37 32
1 218 50 35 34
1 121 49 35 34
3 119 97 34 38
3 223 147 35 39
4 221 98 37 40
6 121 146 36 38
1 170 147 41 37
1 169 48 37 32
1 219 50 36 34
1 122 49 36 34
3 119 97 35 38
3 223 148 35 38
4 221 98 37 39
6 120 146 37 38
1 171 147 42 37
1 169 48 37 32
1 218 50 35 34
1 122 49 36 34
3 119 97 34 38
3 223 147 35 39
4 221 98 37 40
6 120 146 37 38
1 171 147 42 37
1 169 48 37 32
1 219 50 36 34
1 122 49 36 34
3 119 97 34 38
3 223 148 35 38
4 221 98 37 39
6 120 146 37 38
1 170 147 41 37
1 169 48 37 33
1 218 50 37 34
1 122 49 36 34
3 119 97 34 38
3 223 147 35 39
4 221 98 37 39
6 120 146 37 38
1 171 147 42 37
1 169 48 37 32
1 218 50 35 34
1 121 49 35 34
3 119 97 34 38
3 224 148 36 38
4 221 98 37 39
6 121 146 36 38
1 171 147 42 37
1 169 48 37 32
1 219 50 36 34
1 121 49 35 34
3 119 97 34 38
3 223 148 35 38
4 221 98 37 38
6 120 146 37 38
1 171 148 42 38
1 169 48 37 32
1 218 49 35 33
1 122 49 36 34
3 119 97 34 38
3 223 147 35 39
4 221 98 37 39
6 120 146 37 38
1 171 147 42 37
1 169 48 37 32
1 219 50 36 34
1 122 49 36 34
3 119 97 34 38
3 223 148 35 38
4 221 98 37 39
6 120 146 35 38
1 171 148 42 38
1 169 48 37 32
1 218 50 35 34
1 122 49 36 34
3 119 97 34 38
3 223 147 35 39
4 221 98 37 39
6 121 146 36 38
1 171 147 42 37
1 169 48 37 32
1 219 50 36 34
1 122 49 36 34
3 119 97 34 38
3 224 148 36 38
4 221 98 37 40
6 120 146 37 38
1 171 148 42 38
1 169 48 37 32
1 218 50 35 34
1 121 49 35 34
3 119 97 34 38
3 223 147 35 39
4 221 98 37 39
6 121 146 36 38
1 171 148 42 38
1 169 48 37 32
1 219 50 36 34
1 122 49 36 34
3 119 97 34 38
3 223 147 35 39
4 221 98 37 40
6 120 146 37 38
1 170 147 41 37
1 169 48 37 32
1 218 50 35 34
1 122 49 36 34
3 119 97 34 38
3 223 147 35 39
4 221 98 37 39
6 120 146 37 38
1 170 147 41 37
1 169 48 37 32
1 219 50 36 34
1 121 49 35 34
3 119 97 34 38
3 223 148 35 38
4 221 98 37 40
6 120 146 37 38
1 171 148 42 38
1 169 48 37 32
1 218 50 35 34
1 121 49 35 34
3 119 97 34 38
3 223 148 35 38
4 221 98 36 39
6 121 146 36 38
1 171 147 42 37
1 169 48 37 32
1 219 50 36 34
1 122 49 36 34
3 119 97 34 38
3 223 147 35 39
4 221 98 37 39
6 121 146 36 38
1 170 147 41 37
1 169 48 37 32
1 219 50 36 34
1 122 49 36 34
3 119 97 34 38
3 223 147 35 39
4 221 98 37 40
6 120 146 37 38
1 171 147 42 37
1 169 48 37 32
1 218 50 35 34
1 122 49 36 34
3 119 97 34 38
3 223 148 35 38
4 221 98 37 40
6 121 146 36 38
1 171 148 42 38
1 169 48 37 32
1 218 50 35 34
1 121 49 35 34
3 119 97 34 38
3 223 147 35 39
4 221 98 37 40
6 120 146 37 38
1 171 148 42 38
1 169 48 37 32
1 218 50 35 34
1 122 49 36 34
3 119 97 34 38
3 223 148 35 38
4 221 98 37 39
6 121 146 36 38
1 170 147 41 37
1 169 48 37 32
1 219 50 36 34
1 122 49 36 34
3 119 97 35 38
3 223 148 35 38
4 221 98 37 40
6 120 146 37 38
1 171 147 42 37
1 169 48 37 32
1 219 49 36 33
1 122 49 36 34
3 119 97 34 38
3 223 147 35 39
4 221 98 37 39
6 120 146 37 38
1 170 148 41 38
1 169 48 37 33
1 218 50 35 34
1 122 49 36 34
3 119 97 34 38
3 223 148 35 38
4 221 98 37 40
6 120 146 37 38
1 171 147 42 37
1 169 48 37 32
1 218 50 35 34
1 122 49 36 34
3 119 97 34 38
3 223 147 35 39
4 221 98 37 40
6 120 146 37 38
1 171 147 42 37
1 169 48 37 32
1 219 50 36 34
1 122 49 36 34
3 119 97 34 38
3 223 148 35 38
4 221 98 37 39
6 120 146 37 38
1 171 147 42 37
1 169 48 37 32
1 219 50 36 34
1 122 49 36 34
3 119 97 34 38
3 223 148 36 38
4 221 98 37 39
6 121 146 36 38
1 171 147 42 37
1 169 48 37 32
1 218 50 35 34
1 122 49 36 34
3 119 97 34 38
3 224 148 36 38
4 221 98 37 39
6 121 146 36 38
1 170 147 41 37
1 169 48 37 32
1 219 50 36 34
1 121 49 35 34
3 119 97 34 38
3 223 148 35 38
4 221 98 36 39
6 121 146 36 38
1 170 147 41 37
1 169 48 37 33
1 219 50 36 34
1 121 49 35 34
3 119 97 34 38
3 224 147 36 39
4 221 98 37 39
6 121 146 36 38
1 171 147 42 37
1 169 48 37 32
1 219 50 36 34
1 122 49 36 34
3 119 97 34 38
3 223 147 35 39
4 221 98 37 39
6 121 146 36 38
1 171 147 42 37
1 169 48 37 32
1 218 50 35 34
1 122 49 36 34
3 119 97 34 38
3 223 147 35 39
4 221 98 37 40
6 120 146 37 38
1 171 148 42 38
1 169 48 37 32
1 218 50 35 34
1 121 49 35 34
3 119 97 34 39
3 223 147 35 39
4 221 97 37 39
6 120 146 37 38
1 170 147 41 37
1 169 48 37 32
1 218 50 35 34
1 122 49 36 34
3 119 97 34 38
3 223 148 35 38
4 221 98 37 39
6 120 146 37 38
1 171 148 42 38
1 169 48 37 32
1 219 50 36 34
1 122 49 36 34
3 119 97 34 38
3 223 148 35 38
4 221 98 37 40
6 120 146 37 38
1 171 147 42 37
1 169 48 37 32
1 218 49 35 33
1 121 49 35 34
3 119 97 34 38
3 223 147 35 39
4 221 98 37 40
6 120 146 37 38
1 171 147 42 37
1 169 48 37 32
1 218 50 35 34
1 121 49 35 34
3 119 97 34 38
3 224 147 36 39
4 221 98 36 39
6 120 146 37 38
1 170 148 41 38
1 169 48 37 32
1 218 50 35 34
1 122 49 36 34
3 119 97 35 38
3 223 147 35 39
4 221 98 37 39
6 121 146 36 38
1 171 147 42 37
1 169 48 37 32
1 219 50 36 34
1 122 49 36 34
3 119 97 34 38
3 223 147 35 39
4 221 98 37 40
6 120 146 37 38
1 170 148 41 38
1 169 48 37 32
1 218 50 35 34
1 122 49 36 34
3 119 97 34 38
3 223 147 34 39
4 221 98 37 40
6 120 146 37 38
1 171 148 42 38
1 169 48 37 32
1 219 50 36 34
1 122 49 36 34
3 119 97 34 38
3 223 147 35 39
4 221 98 37 40
6 121 146 36 38
1 170 147 41 37
1 169 48 37 32
1 218 50 35 34
1 122 49 36 34
3 119 97 34 38
3 223 148 35 38
4 221 98 37 40
6 121 146 36 38
1 171 147 42 37
1 169 48 37 32
1 218 50 35 34
1 122 49 36 34
3 119 97 34 38
3 223 148 35 38
4 221 98 37 40
6 120 146 37 38
1 170 147 41 37
1 169 48 37 32
1 219 50 36 34
1 121 49 35 34
3 119 97 34 38
3 223 148 35 38
4 221 98 37 40
6 120 146 37 38
1 170 147 41 37
1 169 48 37 32
1 219 50 36 34
1 121 49 35 34
3 119 97 34 38
3 223 148 35 38
4 221 98 37 39
6 120 146 37 38
1 171 147 42 37
1 169 48 37 32
1 219 50 36 34
1 121 49 35 34
3 119 97 34 38
3 223 147 35 39
4 221 98 37 39
6 120 146 37 38
1 170 148 41 38
1 169 48 37 32
1 218 50 35 34
1 121 49 35 34
3 119 97 34 38
3 223 148 35 38
4 221 98 37 39
6 121 146 36 38
1 170 147 41 37
1 169 48 37 33
1 219 50 36 34
1 122 49 36 34
3 119 97 34 38
3 223 147 35 39
4 221 98 37 39
6 120 146 35 38
1 170 148 41 38
1 169 48 37 32
1 218 50 35 34
1 121 49 35 34
3 119 97 34 38
3 223 147 35 39
4 221 98 36 39
6 120 146 37 38
1 171 147 42 37
1 169 48 37 32
1 218 50 35 34
1 121 49 35 34
3 119 97 34 38
3 223 147 35 39
4 221 98 37 40
6 120 146 37 38
1 171 147 42 37
1 169 48 37 32
1 219 49 36 33
1 121 49 35 34
3 119 97 34 38
3 223 147 35 39
4 221 98 36 39
6 121 146 36 38
1 171 148 42 38
1 169 48 37 33
1 219 50 36 34
1 122 49 36 34
3 119 97 34 38
3 223 148 35 38
4 221 98 37 39
6 121 146 36 38
1 171 147 42 37
1 169 48 37 32
1 218 50 35 34
1 122 49 36 34
3 119 97 35 38
3 223 148 35 38
4 221 98 37 40
6 120 146 37 38
1 170 147 41 37
1 169 48 37 32
1 219 50 36 34
1 122 49 36 34
3 119 97 35 38
3 223 148 35 38
4 221 98 37 39
6 120 146 37 38
1 171 148 42 38
1 169 48 37 32
1 219 50 36 34
1 122 49 36 34
3 119 96 35 39
3 223 148 35 38
4 221 98 37 39
6 120 146 37 38
1 171 148 42 38
1 169 48 37 33
1 218 50 35 34
1 121 49 35 34
3 119 97 34 38
3 223 148 35 38
4 221 98 37 39
6 120 146 37 38
1 171 147 42 37
1 169 48 37 32
1 219 50 36 34
1 122 49 36 34
3 119 97 34 38
3 223 148 35 38
4 221 98 36 39
6 121 146 36 38
1 171 147 42 37
1 169 48 37 32
1 218 50 35 34
1 121 49 35 34
3 119 97 34 38
3 223 148 35 38
4 221 97 37 39
6 120 146 36 38
1 171 147 42 37
1 169 48 37 32
1 219 50 36 34
1 122 49 36 34
3 119 97 34 38
3 223 148 35 38
4 221 98 37 39
6 120 146 37 38
1 170 147 41 37
1 169 48 37 32
1 218 50 35 34
1 122 49 36 34
3 119 97 34 38
3 223 147 35 39
4 221 98 37 40
6 121 146 36 38
1 171 147 42 37
1 169 48 37 32
1 218 50 35 34
1 122 49 36 34
3 119 97 34 38
3 223 148 35 38
4 221 98 37 39
6 120 146 37 38
1 171 147 42 37
1 169 48 37 32
1 218 50 35 34
1 121 49 35 34
3 119 97 34 39
3 223 147 35 39
4 221 98 37 39
6 121 146 36 38
1 171 147 42 37
1 169 48 37 32
1 219 50 36 34
1 122 49 36 34
3 119 97 34 38
3 223 148 35 38
4 221 98 37 39
6 120 146 37 38
1 171 147 42 37
1 169 48 37 32
1 219 50 36 34
1 121 49 35 34
3 119 97 34 38
3 223 147 35 39
4 221 98 37 39
6 120 146 37 38
1 171 148 42 38
1 169 48 37 32
1 219 50 36 34
1 121 49 35 34
3 119 97 35 38
3 223 148 35 38
4 221 98 37 40
6 120 146 37 38
1 170 147 41 37
1 169 48 37 32
1 218 50 35 34
1 122 49 36 34
3 119 97 34 38
3 223 148 35 38
4 221 98 37 40
6 120 146 37 38
1 170 147 41 37
1 169 48 37 32
1 219 50 36 34
1 121 49 35 34
3 119 97 35 38
3 223 147 35 39
4 221 98 37 39
6 120 146 36 38
1 171 148 42 38
1 169 48 37 32
1 218 49 35 33
1 122 49 36 34
3 119 97 34 38
3 223 148 35 38
4 221 98 37 40
6 120 146 35 38
1 171 148 42 38
1 169 48 37 32
1 219 50 36 34
1 122 49 36 34
3 119 97 34 38
3 223 148 35 38
4 221 97 37 39
6 120 146 37 38
1 171 147 42 37
1 169 48 37 32
1 219 49 36 33
1 121 49 35 34
3 119 97 34 38
3 224 147 36 39
4 221 98 37 40
6 120 146 37 38
1 171 147 42 37
1 169 48 37 32
1 219 50 36 34
1 122 49 36 34
3 119 97 34 38
3 223 147 35 39
4 221 98 37 40
6 120 146 37 38
1 171 148 42 38
1 169 48 37 32
1 219 50 36 34
1 122 49 36 34
3 119 97 34 38
3 223 148 35 38
4 221 98 37 40
6 120 146 35 38
1 171 147 42 37
1 169 48 37 32
1 219 50 36 34
1 122 49 36 34
3 119 97 34 38
3 223 147 35 39
4 221 98 37 40
6 121 146 36 38
1 171 147 42 37
1 169 48 37 32
1 218 50 35 34
1 122 49 36 34
3 119 97 34 38
3 223 148 35 38
4 221 98 37 40
6 121 146 36 38
1 170 147 41 37
1 169 48 37 32
1 219 50 36 34
1 122 49 36 34
3 119 97 34 38
3 223 147 35 39
4 221 97 37 39
6 120 146 37 38
1 170 147 41 37
1 169 48 37 32
1 219 50 36 34
1 121 49 35 34
3 119 97 35 38
3 223 147 35 39
4 221 98 37 40
6 120 146 37 38
1 170 148 41 38
1 169 48 37 32
1 218 50 35 34
1 122 49 36 34
3 119 97 34 38
3 223 147 35 39
4 221 98 37 39
6 121 146 36 38
1 171 147 42 37
1 169 48 37 32
1 219 50 36 34
1 122 49 36 34
3 119 97 34 38
3 223 147 35 39
4 221 98 37 40
6 120 146 37 38
1 171 148 42 38
1 169 48 37 32
1 219 50 36 34
1 121 49 35 34
3 119 97 34 38
3 224 148 36 38
4 221 98 37 39
6 121 146 36 38
1 170 147 41 37
1 169 48 37 32
1 218 50 35 34
1 121 49 35 34
3 119 97 34 38
3 223 147 35 39
4 221 98 37 39
6 121 146 36 38
1 171 147 42 37
1 169 48 37 33
1 219 50 36 34
1 121 49 35 34
3 119 97 34 38
3 223 147 35 39
4 221 98 37 40
6 120 146 37 38
1 171 147 42 37
1 169 48 37 32
1 219 50 36 34
1 122 49 36 34
3 119 97 34 38
3 223 147 35 39
4 221 98 37 39
6 121 146 36 38
1 170 147 41 37
1 169 48 37 32
1 218 50 35 34
1 121 49 35 34
3 119 97 35 38
3 223 148 35 38
4 221 98 37 40
6 120 146 35 38
1 171 147 42 37
1 169 48 37 32
1 219 50 36 34
1 122 49 36 34
3 119 97 34 39
3 223 148 35 38
4 221 98 37 40
6 121 146 36 38
1 170 148 41 38
1 169 48 37 32
1 218 49 35 33
1 122 49 36 34
3 119 97 34 38
3 223 147 36 39
4 221 98 35 39
6 120 146 37 38
1 171 148 42 38
1 169 48 37 32
1 219 50 36 34
1 122 49 36 34
3 119 97 34 38
3 223 147 35 39
4 221 98 37 39
6 121 146 36 38
1 171 147 42 37
1 169 48 37 32
1 218 50 35 34
1 122 49 36 34
3 119 97 34 38
3 223 148 35 38
4 221 97 37 39
6 120 146 37 38
1 171 147 42 37
1 169 48 37 32
1 219 50 36 34
1 121 49 35 34
3 119 97 35 38
3 223 147 35 39
4 221 98 36 39
6 120 146 37 38
1 171 147 42 37
1 169 48 37 32
1 218 49 34 33
1 121 49 35 34
3 119 97 34 38
3 223 148 35 38
4 221 98 37 39
6 120 146 35 38
1 171 148 42 38
1 169 48 37 32
1 219 50 36 34
1 121 49 35 34
3 119 97 34 38
3 223 148 35 38
4 221 98 37 40
6 120 146 37 38
1 170 147 41 37
1 169 48 37 32
1 218 50 35 34
1 122 49 36 34
3 119 97 34 38
3 223 148 35 38
4 221 98 37 40
6 120 146 37 38
1 171 147 42 37
1 169 48 37 33
1 218 50 35 34
1 121 49 35 34
3 119 97 34 38
3 223 148 35 38
4 221 98 37 39
6 120 146 37 38
1 170 147 41 37
1 169 48 37 32
1 219 50 36 34
1 121 49 35 34
3 119 97 34 38
3 223 148 35 38
4 221 98 37 40
6 120 146 37 38
1 171 148 42 38
1 169 48 37 32
1 218 50 35 34
1 121 49 35 34
3 119 97 34 38
3 223 147 35 39
4 221 98 37 38
6 120 146 37 38
1 171 147 42 37
1 169 48 37 32
1 219 50 36 34
1 122 49 36 34
3 119 97 34 38
3 223 148 35 38
4 221 98 37 39
6 121 146 36 38
1 170 147 41 37
1 169 48 37 32
1 219 50 36 34
1 121 49 35 34
3 119 97 34 38
3 223 148 35 38
4 221 98 37 39
6 121 146 36 38
1 171 147 42 37
1 170 48 38 32
1 218 50 35 34
1 122 49 36 34
3 119 97 34 38
3 223 147 35 39
4 221 98 37 39
6 121 146 36 38
1 170 147 41 37
1 169 48 37 32
1 219 49 36 33
1 121 49 35 34
3 119 97 34 38
3 223 148 35 38
4 221 98 37 39
6 120 146 37 38
1 170 147 41 37
1 169 48 37 33
1 219 50 36 34
1 121 49 35 34
3 119 97 34 38
3 223 148 35 38
4 221 98 37 40
6 120 146 37 38
1 171 147 42 37
1 170 48 38 32
1 218 49 35 33
1 122 49 36 34
3 119 97 34 38
3 223 147 35 39
4 221 98 37 39
6 120 146 37 38
1 171 147 42 37
1 169 48 37 33
1 218 50 35 34
1 122 49 36 34
3 119 97 34 38
3 223 147 35 39
4 221 97 37 39
6 121 146 36 38
1 171 147 42 37
1 169 48 37 32
1 219 50 36 34
1 122 49 36 34
3 119 97 34 38
3 223 148 35 38
4 221 98 37 40
6 120 146 37 38
1 171 147 42 37
1 169 48 37 32
1 219 50 36 34
1 121 49 35 34
3 119 97 34 38
3 223 148 35 38
4 221 98 36 40
