1 101 93 35 37
3 149 95 39 39
3 144 186 35 18
4 146 147 40 40
4 201 187 24 10
6 198 151 39 40
1 101 93 35 37
3 149 95 39 39
3 143 184 33 15
4 146 147 40 40
4 198 187 27 10
6 198 151 39 40
1 101 93 35 37
3 149 96 39 40
3 144 187 34 20
4 146 147 40 40
4 203 187 20 10
6 198 151 39 40
1 101 93 35 37
3 149 96 39 40
3 144 182 34 10
4 146 147 40 40
4 197 187 32 10
6 198 151 39 40
1 101 93 36 37
3 150 96 40 40
3 144 186 35 19
4 146 147 40 40
4 196 186 34 9
6 198 151 39 40
1 101 93 35 37
3 149 96 39 38
3 144 182 35 11
4 146 147 40 40
4 199 185 30 7
6 198 151 40 40
1 101 93 35 37
3 149 96 39 38
3 144 185 35 15
4 146 147 40 40
4 201 187 24 11
6 198 151 39 40
1 101 93 35 37
3 150 95 40 39
3 146 183 38 12
4 146 147 40 40
4 200 186 25 9
6 198 151 39 40
1 101 93 35 37
3 149 96 39 39
3 145 186 36 18
4 146 147 40 40
4 197 187 32 10
6 198 151 40 40
1 101 93 35 37
3 150 96 40 38
3 144 184 34 15
4 146 147 40 40
4 197 187 31 11
6 198 151 40 40
1 101 93 35 37
3 150 96 40 38
3 144 185 34 17
4 146 147 40 40
4 201 187 24 10
6 198 151 39 40
1 101 93 36 37
3 150 96 40 38
3 144 185 34 17
4 146 147 40 40
4 197 187 30 11
6 198 151 39 40
1 101 93 36 37
3 150 95 40 39
3 144 183 34 12
4 146 147 40 40
4 199 186 28 9
6 198 151 39 40
1 101 93 35 37
3 149 95 39 39
3 145 185 37 16
4 146 147 40 40
4 195 186 33 9
6 198 151 39 40
1 101 93 35 37
3 150 96 40 38
3 143 183 33 10
4 146 147 40 40
4 203 186 19 9
6 198 151 39 40
1 101 93 35 37
3 149 96 39 39
3 145 186 37 17
4 146 147 40 40
4 198 187 29 10
6 198 151 39 40
1 101 93 35 37
3 149 96 39 39
3 142 183 31 12
4 146 147 40 40
4 199 187 26 11
6 198 151 40 40
1 101 93 35 37
3 149 96 39 39
3 145 187 39 21
4 146 147 40 40
4 196 187 33 10
6 198 151 40 40
1 101 93 35 37
3 150 96 40 38
3 142 183 31 11
4 146 147 40 40
4 197 187 31 10
6 198 151 39 40
1 101 93 35 37
3 149 96 39 38
3 144 186 34 18
4 146 147 40 40
4 204 186 18 9
6 198 151 39 40
1 101 93 35 37
3 149 96 39 40
3 144 182 35 11
4 146 147 40 40
4 205 186 18 9
6 198 151 40 40
1 101 93 35 37
3 149 96 39 38
3 145 187 36 20
4 146 147 41 40
4 202 188 21 10
6 198 151 39 40
1 101 93 35 37
3 150 96 40 38
3 144 183 34 12
4 146 147 40 40
4 199 187 28 10
6 198 151 39 40
1 101 93 35 37
3 149 96 39 38
3 144 185 35 15
4 146 147 40 40
4 195 187 35 11
6 198 151 39 40
1 101 93 35 37
3 149 95 39 39
3 144 184 34 14
4 146 147 40 40
4 201 187 24 10
6 198 151 39 40
1 101 93 35 37
3 149 95 39 39
3 144 185 35 16
4 146 147 40 40
4 195 186 35 9
6 198 151 39 40
1 101 93 35 37
3 150 96 40 39
3 144 183 35 13
4 146 147 40 40
4 196 187 33 10
6 198 151 39 40
1 101 93 35 37
3 150 96 40 39
3 142 184 30 14
4 146 147 40 40
4 197 187 31 11
6 198 151 39 40
1 101 93 35 37
3 150 96 40 38
3 144 185 35 17
4 146 147 41 40
4 196 185 33 7
6 198 151 40 40
1 101 93 35 37
3 149 96 39 40
3 140 182 27 10
4 146 147 40 40
4 199 187 30 13
6 198 151 39 40
1 101 93 35 37
3 150 96 40 38
3 145 186 37 18
4 146 147 40 40
4 199 187 29 10
6 198 151 39 40
1 101 93 35 37
3 149 96 39 38
3 144 183 35 12
4 146 147 40 40
4 201 187 23 10
6 198 151 39 40
1 101 93 35 37
3 150 96 40 38
3 145 186 37 18
4 146 147 40 40
4 195 186 35 9
6 198 151 40 40
1 101 93 35 37
3 150 96 40 38
3 144 182 35 10
4 146 147 40 40
4 198 186 30 8
6 198 151 40 40
1 101 93 35 37
3 149 96 39 40
3 144 186 34 19
4 146 147 40 40
4 200 186 26 9
6 198 151 40 40
1 101 93 35 37
3 149 96 39 39
3 143 184 33 15
4 146 147 40 40
4 200 187 25 11
6 198 151 40 40
1 101 93 35 37
3 149 95 39 39
3 144 187 34 20
4 146 147 40 40
4 203 185 22 3
6 198 151 40 40
1 101 93 35 37
3 149 96 39 38
3 144 184 34 14
4 146 147 40 40
4 196 186 34 9
6 198 151 39 40
1 101 93 35 37
3 150 96 40 38
3 144 188 35 22
4 146 147 40 40
4 199 187 25 10
6 198 151 40 40
1 101 93 35 37
3 149 96 39 38
3 144 185 35 17
4 146 147 40 40
4 194 186 35 8
6 198 151 39 40
1 101 93 35 37
3 149 96 39 38
3 145 185 36 17
4 146 147 40 40
4 196 187 35 10
6 198 151 40 40
1 101 93 35 37
3 150 95 40 39
3 144 185 34 17
4 146 147 40 40
4 197 186 31 9
6 198 151 39 40
1 101 93 36 37
3 149 96 39 39
3 144 183 34 12
4 146 147 40 40
4 196 187 34 10
6 198 151 39 40
1 101 93 35 37
3 149 96 39 38
3 145 185 37 17
4 146 147 39 40
4 196 186 33 8
6 198 151 39 40
1 101 93 35 37
3 150 96 40 38
3 144 183 35 13
4 146 147 40 40
4 197 186 28 9
6 198 150 39 39
1 101 93 35 37
3 150 96 40 38
3 144 186 34 19
4 146 147 40 40
4 203 186 19 9
6 198 151 39 40
1 101 93 35 37
3 149 96 39 38
3 144 181 35 8
4 146 147 40 40
4 197 187 32 11
6 198 151 40 40
1 101 93 35 37
3 150 96 40 39
3 144 186 34 18
4 146 147 40 40
4 195 186 35 9
6 198 151 39 40
1 101 93 35 37
3 150 95 40 39
3 145 182 36 10
4 146 147 40 40
4 200 187 26 11
6 198 151 39 40
1 101 93 35 37
3 149 96 39 38
3 144 185 34 17
4 146 147 40 40
4 197 187 31 10
6 198 151 40 40
1 101 93 35 37
3 149 96 39 40
3 144 183 34 11
4 146 147 40 40
4 199 187 25 10
6 198 151 39 40
1 101 93 35 37
3 150 95 40 39
3 145 188 37 22
4 146 147 40 40
4 195 186 35 8
6 198 151 40 40
1 101 93 35 37
3 150 96 40 38
3 144 182 34 11
4 146 147 40 40
4 198 187 30 11
6 198 151 40 40
1 101 93 35 37
3 150 96 40 38
3 143 187 32 20
4 146 147 40 40
4 195 187 35 11
6 198 150 40 39
1 101 93 35 37
3 149 96 39 38
3 142 184 30 15
4 146 147 40 40
4 195 187 33 10
6 198 151 40 40
1 101 93 35 37
3 149 96 39 38
3 144 185 35 16
4 146 147 40 40
4 199 187 28 10
6 198 151 39 40
1 101 93 35 37
3 149 96 39 38
3 145 184 37 14
4 146 147 39 40
4 199 187 25 10
6 198 151 40 40
1 101 93 35 37
3 150 96 40 38
3 140 182 27 10
4 146 147 40 40
4 199 186 25 9
6 198 151 39 40
1 101 93 35 37
3 150 96 40 39
3 145 185 36 17
4 146 147 40 40
4 196 187 33 10
6 198 151 39 40
1 101 93 35 37
3 149 96 39 39
3 144 183 35 12
4 146 147 40 40
4 200 188 25 10
6 198 151 39 40
1 101 93 35 37
3 150 95 40 39
3 144 186 35 19
4 146 147 40 40
4 199 187 28 11
6 198 151 39 40
1 101 93 35 37
3 150 96 40 38
3 143 183 33 10
4 146 147 40 40
4 198 187 27 10
6 198 151 39 40
1 101 93 35 37
3 150 96 40 39
3 145 186 37 18
4 146 147 40 40
4 197 186 29 9
6 198 151 39 40
1 101 93 35 37
3 150 96 40 39
3 144 181 34 9
4 146 147 40 40
4 199 187 30 9
6 198 151 39 40
1 101 93 35 37
3 150 96 40 38
3 145 186 38 19
4 146 147 40 40
4 201 187 24 11
6 198 150 40 39
1 101 93 35 37
3 150 96 40 38
3 143 183 33 12
4 146 147 40 40
4 197 187 32 10
6 198 151 39 40
1 101 93 35 37
3 149 96 39 38
3 144 186 35 18
4 146 147 39 40
4 200 186 25 9
6 198 151 38 40
1 101 93 35 37
3 150 96 40 38
3 144 184 35 15
4 146 147 40 40
4 199 187 28 10
6 198 151 39 40
1 101 93 35 37
3 149 96 39 38
3 144 185 34 17
4 146 147 39 40
4 200 187 23 10
6 198 151 39 40
1 101 93 35 37
3 149 96 39 38
3 144 185 34 16
4 146 147 39 40
4 198 187 29 11
6 198 151 39 40
1 101 93 35 37
3 149 96 39 39
3 142 185 30 17
4 146 147 40 40
4 199 186 30 8
6 198 151 40 40
1 101 93 35 37
3 149 96 39 38
3 144 186 35 16
4 146 147 40 40
4 197 187 33 9
6 198 151 40 40
1 101 93 35 37
3 150 96 40 38
3 144 183 34 12
4 146 147 40 40
4 197 187 32 10
6 198 151 40 40
1 101 93 35 37
3 149 95 39 39
3 145 185 37 16
4 146 147 40 40
4 195 187 34 10
6 198 151 39 40
1 101 93 35 37
3 150 96 40 38
3 142 184 30 15
4 146 146 39 39
4 195 187 33 9
6 198 151 39 40
1 101 93 35 37
3 149 96 39 39
3 145 185 36 17
4 146 147 40 40
4 200 187 26 11
6 198 151 39 40
1 101 93 35 37
3 150 96 40 40
3 142 184 30 10
4 146 147 40 40
4 198 187 28 11
6 198 151 39 40
1 101 93 35 37
3 150 96 40 38
3 144 186 35 16
4 146 147 40 40
4 197 186 31 9
6 198 151 40 40
1 101 93 35 37
3 149 96 39 38
3 144 182 35 11
4 146 146 40 39
4 197 187 31 10
6 198 151 39 40
1 101 93 35 37
3 150 96 40 38
3 145 188 37 22
4 146 147 40 40
4 201 186 24 9
6 198 151 39 40
1 101 93 35 37
3 149 95 39 39
3 143 183 33 12
4 146 147 40 40
4 201 187 24 10
6 198 151 39 40
1 101 93 35 37
3 149 96 39 38
3 144 188 35 22
4 146 147 39 40
4 195 187 34 9
6 198 151 39 40
1 101 93 35 37
3 150 96 40 38
3 145 182 35 11
4 146 147 40 40
4 197 187 32 10
6 198 151 39 40
1 101 93 35 37
3 149 96 39 39
3 144 185 35 17
4 146 147 40 40
4 203 187 20 11
6 198 151 39 40
1 101 93 35 37
3 150 95 40 39
3 146 184 38 15
4 146 147 40 40
4 197 187 31 11
6 198 151 39 40
1 101 93 36 37
3 149 95 39 39
3 144 184 35 15
4 146 147 40 40
4 196 188 34 10
6 198 151 39 40
1 101 93 35 37
3 149 96 39 38
3 142 184 31 14
4 146 147 40 40
4 197 186 32 9
6 198 151 39 40
1 101 93 35 37
3 149 95 39 39
3 142 184 31 14
4 146 147 40 40
4 198 186 32 9
6 198 151 39 40
1 101 93 35 37
3 150 96 40 38
3 145 185 37 17
4 146 147 40 40
4 198 187 25 9
6 198 151 39 40
1 101 93 35 37
3 150 96 40 38
3 144 184 35 15
4 146 147 40 40
4 201 186 24 9
6 198 151 39 40
1 101 93 35 37
3 149 96 39 39
3 144 185 35 16
4 146 147 40 40
4 203 187 20 10
6 198 151 39 40
1 101 93 36 37
3 149 96 39 38
3 142 180 29 7
4 146 147 40 40
4 202 187 22 8
6 198 151 39 40
1 101 93 35 37
3 150 96 40 38
3 144 188 34 22
4 146 147 40 40
4 196 186 34 9
6 198 150 39 39
1 101 93 35 37
3 149 96 39 39
3 143 181 33 9
4 146 147 40 40
4 197 187 30 11
6 198 151 40 40
1 101 93 35 37
3 150 96 40 38
3 145 186 37 18
4 146 147 40 40
4 196 187 34 10
6 198 151 39 40
1 101 93 35 37
3 150 96 40 39
3 143 182 32 11
4 146 147 40 40
4 195 186 35 8
6 198 151 39 40
1 101 93 36 37
3 149 95 39 39
3 144 188 34 21
4 146 147 40 40
4 199 186 27 9
6 198 150 40 39
1 101 93 35 37
3 150 96 40 38
3 144 182 34 11
4 146 147 40 40
4 197 186 32 9
6 198 151 40 40
1 101 93 35 37
3 149 96 39 39
3 144 186 34 18
4 146 147 40 40
4 199 187 28 10
6 198 150 40 39
1 101 93 35 37
3 150 96 40 38
3 143 184 33 15
4 146 147 40 40
4 196 187 34 10
6 198 151 39 40
1 101 93 35 37
3 149 95 39 39
3 144 188 35 22
4 146 147 40 40
4 197 187 31 11
6 198 151 39 40
1 101 93 35 37
3 149 96 39 38
3 144 186 35 18
4 146 147 40 40
4 197 187 29 9
6 198 151 39 40
1 101 93 35 37
3 149 96 39 38
3 144 183 34 13
4 146 147 40 40
4 197 185 31 7
6 198 151 39 40
1 101 93 35 37
3 150 96 40 38
3 144 185 35 17
4 146 147 39 40
4 197 187 32 13
6 198 151 39 40
1 101 93 35 37
3 150 96 40 38
3 144 182 34 10
4 146 147 40 40
4 199 187 28 11
6 198 151 39 40
1 101 93 35 37
3 150 96 40 39
3 144 186 34 19
4 146 147 40 40
4 198 186 30 7
6 198 151 39 40
1 101 93 35 37
3 150 96 40 38
3 142 181 31 9
4 146 147 40 40
4 201 185 24 7
6 198 151 39 40
1 101 93 35 37
3 149 96 39 38
3 145 186 37 18
4 146 147 40 40
4 195 186 35 9
6 198 151 39 40
1 101 93 35 37
3 149 96 39 38
3 144 181 34 9
4 146 147 39 40
4 200 186 26 9
6 198 151 39 40
1 101 93 35 37
3 150 96 40 38
3 144 186 34 19
4 146 147 40 40
4 201 186 24 9
6 198 151 40 40
1 101 93 35 37
3 150 96 40 38
3 145 183 34 13
4 146 147 40 40
4 198 187 29 10
6 198 151 39 40
1 101 93 35 37
3 150 96 40 38
3 145 186 37 18
4 146 147 40 40
4 196 187 34 11
6 198 151 40 40
1 101 93 35 37
3 149 95 39 39
3 142 183 31 12
4 146 147 40 40
4 199 186 28 9
6 198 151 39 40
1 101 93 35 37
3 150 95 40 39
3 144 186 34 18
4 146 147 39 40
4 199 187 28 10
6 198 151 39 40
1 101 93 35 37
3 150 96 40 38
3 145 184 36 15
4 146 147 40 40
4 196 187 31 10
6 198 151 39 40
1 101 93 35 37
3 149 96 41 39
3 144 185 34 16
4 146 147 40 40
4 197 186 29 8
6 198 151 40 40
1 101 93 36 37
3 149 96 39 38
3 145 185 37 15
4 146 147 40 40
4 196 187 34 10
6 198 151 39 40
1 101 93 35 37
3 149 96 39 38
3 144 183 35 13
4 146 147 40 40
4 195 185 35 7
6 198 151 40 40
1 101 93 35 37
3 149 96 39 38
3 144 186 35 16
4 146 147 40 40
4 200 186 23 9
6 198 150 39 39
1 101 93 35 37
3 150 96 40 40
3 142 186 29 16
4 146 147 40 40
4 198 187 28 11
6 198 151 39 40
1 101 93 35 37
3 149 96 39 38
3 144 186 34 18
4 146 147 40 40
4 198 188 30 12
6 198 151 39 40
1 101 93 35 37
3 149 95 39 39
3 144 183 35 12
4 146 147 40 40
4 198 186 28 9
6 198 151 39 40
1 101 93 35 37
3 150 96 40 38
3 145 186 39 19
4 146 147 40 40
4 195 187 35 9
6 198 151 39 40
1 101 93 35 37
3 149 95 39 39
3 142 182 30 11
4 146 147 40 40
4 198 186 29 9
6 198 151 39 40
1 101 93 35 37
3 150 96 40 38
3 145 187 36 18
4 146 146 40 39
4 198 187 29 10
6 198 150 39 39
1 101 93 36 37
3 149 96 39 38
3 144 182 34 11
4 146 147 39 40
4 196 186 33 9
6 198 151 39 40
1 101 93 35 37
3 150 96 40 38
3 144 186 34 18
4 146 147 40 40
4 198 186 30 9
6 198 151 39 40
1 101 93 35 37
3 150 95 40 39
3 142 183 30 11
4 146 146 40 39
4 198 187 29 11
6 198 151 40 40
1 101 93 35 37
3 150 96 40 38
3 143 186 33 17
4 146 146 40 39
4 199 187 28 8
6 198 150 40 39
1 101 93 35 37
3 149 96 39 38
3 144 184 34 15
4 146 147 40 40
4 197 187 32 8
6 198 151 39 40
1 101 93 35 37
3 149 96 39 39
3 143 185 33 17
4 146 147 40 40
4 196 187 33 10
6 198 151 39 40
1 101 93 35 37
3 149 96 39 38
3 144 184 35 15
4 146 147 40 40
4 198 187 30 10
6 198 151 39 40
1 101 93 35 37
3 150 96 40 38
3 143 186 33 18
4 146 147 40 40
4 199 186 27 9
6 198 151 39 40
1 101 93 35 37
3 149 95 39 39
3 145 185 37 16
4 146 147 40 40
4 200 187 25 10
6 198 151 39 40
1 101 93 35 37
3 149 96 39 38
3 144 183 35 13
4 146 147 40 40
4 196 187 29 10
6 198 151 39 40
1 101 93 35 37
3 150 96 40 38
