1 158 85 20 6
1 158 114 15 3
3 216 150 37 39
3 117 99 34 38
4 115 148 35 38
4 219 189 29 19
6 166 151 38 40
6 166 188 37 13
1 173 85 23 4
3 216 150 36 39
3 117 99 34 38
4 115 148 35 39
4 219 189 30 19
6 166 150 38 39
6 167 189 38 14
1 153 111 13 8
1 153 88 11 14
1 173 115 11 3
3 216 150 37 40
3 116 99 35 38
4 115 148 34 39
4 219 189 29 19
6 166 150 38 39
6 167 188 38 13
1 166 87 37 9
3 216 150 36 39
3 117 99 34 38
4 115 148 35 39
4 219 188 29 17
6 166 150 38 39
6 167 189 38 14
1 163 116 18 2
3 216 150 37 39
3 117 99 34 38
4 115 148 35 39
4 219 189 30 19
6 165 150 39 39
6 167 189 38 14
1 167 87 37 11
3 217 150 36 40
3 117 99 34 38
4 115 148 35 39
4 219 189 30 19
6 165 150 39 39
6 167 189 38 14
1 154 114 8 5
1 178 115 6 2
3 216 150 37 39
3 117 99 34 38
4 115 148 35 38
4 219 189 30 19
6 166 150 38 39
6 167 188 38 13
1 165 85 35 8
3 216 150 37 39
3 117 99 34 38
4 115 148 35 39
4 219 189 32 19
6 166 151 38 40
6 166 188 37 13
1 153 113 7 5
3 217 150 36 40
3 117 99 34 38
4 115 148 35 39
4 217 189 33 19
6 166 150 38 39
6 166 188 39 13
1 166 87 35 11
3 216 150 37 39
3 117 99 34 38
4 115 148 35 39
4 217 189 33 19
6 166 150 38 39
6 166 189 39 14
1 157 113 14 8
1 153 83 8 4
3 216 150 36 39
3 117 99 34 38
4 115 148 35 39
4 218 189 31 19
6 166 150 38 39
6 166 188 37 13
1 167 89 38 15
1 153 113 6 2
3 216 150 37 39
3 117 99 34 38
4 115 148 35 39
4 217 189 33 19
6 166 150 38 39
6 166 188 40 13
1 155 113 13 5
3 216 150 37 39
3 117 99 34 38
4 115 148 35 38
4 217 189 33 19
6 166 150 38 39
6 167 188 38 13
1 166 93 36 25
3 216 150 37 39
3 117 99 34 38
4 115 148 35 38
4 217 189 33 19
6 166 150 38 39
6 166 188 38 13
1 165 83 13 4
1 160 116 8 2
3 216 150 37 40
3 117 99 34 38
4 115 148 34 39
4 217 189 34 19
6 166 150 38 39
6 167 189 38 14
1 154 85 10 8
1 155 112 13 9
1 180 87 9 4
3 216 150 37 39
3 117 99 34 38
4 115 148 35 39
4 217 189 33 19
6 166 150 38 39
6 166 189 39 14
1 153 87 10 10
3 216 150 36 39
3 117 99 34 38
4 115 148 35 38
4 220 189 28 19
6 166 150 38 39
6 166 189 39 14
1 154 113 10 6
3 216 150 36 39
3 117 99 34 38
4 115 148 35 39
4 219 189 30 19
6 166 150 38 39
6 167 189 38 15
1 160 84 12 9
1 151 98 7 3
1 179 87 9 4
3 216 150 37 39
3 116 99 35 38
4 115 148 35 39
4 219 189 31 19
6 166 150 38 39
6 166 189 37 14
1 155 112 15 7
1 163 94 9 5
1 182 87 7 7
3 216 150 36 39
3 117 99 34 38
4 115 148 35 38
4 218 189 31 19
6 166 151 38 40
6 166 188 37 13
1 163 82 30 5
3 216 150 37 39
3 116 99 35 38
4 115 148 35 38
4 218 189 34 19
6 165 150 39 39
6 166 189 39 15
1 155 113 12 7
1 179 90 10 4
1 155 87 12 2
3 217 150 36 39
3 117 99 34 38
4 115 148 35 39
4 219 189 32 19
6 166 150 38 39
6 166 189 39 15
1 166 86 37 10
1 157 115 10 2
3 217 150 36 39
3 117 99 34 38
4 115 148 35 39
4 219 189 30 19
6 166 150 38 39
6 167 189 39 14
1 159 114 11 6
3 216 150 37 39
3 117 99 34 38
4 116 148 36 38
4 219 189 29 19
6 166 150 38 39
6 166 189 37 14
1 167 86 39 13
1 156 114 13 6
3 216 150 37 40
3 117 99 34 38
4 115 148 35 39
4 220 189 28 19
6 165 150 39 39
6 166 188 38 13
1 158 114 21 6
3 216 150 37 40
3 117 99 34 38
4 116 148 36 39
4 217 189 33 19
6 166 150 38 39
6 166 189 38 14
1 166 88 37 13
1 152 113 6 4
3 216 150 37 39
3 117 99 34 38
4 115 148 35 39
4 219 189 30 19
6 166 150 38 39
6 167 189 36 14
1 155 112 14 7
3 216 150 37 40
3 117 99 34 38
4 115 148 35 38
4 217 189 33 19
6 166 150 38 39
6 166 188 38 13
1 166 88 36 15
1 152 112 7 9
3 216 150 37 40
3 116 99 35 38
4 115 148 35 39
4 219 189 30 19
6 166 150 38 39
6 166 188 38 13
1 154 113 9 5
3 216 150 37 40
3 117 99 34 38
4 115 148 34 39
4 217 189 34 19
6 166 150 38 39
6 166 189 37 14
1 172 85 27 9
3 216 150 37 39
3 117 99 34 38
4 115 148 35 39
4 219 189 31 19
6 166 150 38 39
6 166 188 37 13
1 182 88 6 4
1 154 85 11 8
3 216 150 37 39
3 117 99 34 38
4 115 148 35 38
4 217 189 33 19
6 165 150 39 39
6 167 188 38 13
1 157 113 16 8
1 162 91 12 10
3 216 150 37 39
3 117 99 34 38
4 115 148 35 39
4 219 189 30 19
6 166 150 38 39
6 166 189 40 15
1 163 84 29 9
3 217 150 36 39
3 116 99 35 38
4 115 148 35 38
4 219 189 31 19
6 166 150 38 39
6 166 189 37 14
1 161 113 22 7
1 154 84 13 5
1 177 89 17 4
1 151 99 7 2
3 216 150 36 39
3 117 99 34 38
4 115 148 34 38
4 219 189 29 19
6 166 150 38 39
6 166 189 40 15
1 168 85 23 9
1 154 112 8 7
3 216 150 37 40
3 116 99 35 38
4 115 148 35 39
4 218 189 31 19
6 166 150 38 39
6 166 188 37 13
1 161 102 23 25
3 216 150 37 39
3 117 99 34 38
4 115 148 35 39
4 219 189 30 19
6 166 150 38 39
6 167 189 38 14
1 167 89 38 17
3 216 150 37 39
3 117 99 34 38
4 115 148 35 39
4 219 189 30 19
6 166 150 38 39
6 167 189 38 14
1 158 114 18 6
1 156 96 11 10
3 216 150 37 39
3 117 99 34 38
4 115 148 35 38
4 218 189 32 19
6 166 151 38 40
6 166 188 39 13
1 168 87 38 14
1 154 114 8 4
3 216 150 37 39
3 116 99 35 38
4 115 148 35 39
4 218 189 32 19
6 166 150 38 39
6 166 189 39 14
1 164 115 15 3
3 216 150 37 39
3 117 99 35 38
4 115 148 35 38
4 217 189 33 19
6 166 150 38 39
6 167 189 38 14
1 167 90 38 21
1 151 111 5 4
3 216 150 36 40
3 117 99 34 38
4 115 148 35 39
4 219 189 30 19
6 166 150 38 39
6 166 189 37 14
1 155 113 12 4
1 151 83 6 5
3 217 150 36 39
3 117 99 34 38
4 115 148 35 39
4 218 189 29 19
6 165 150 39 39
6 166 188 37 13
1 166 90 36 19
1 155 113 12 6
3 216 150 36 39
3 117 99 34 38
4 115 148 35 39
4 219 189 30 19
6 166 150 38 39
6 167 189 38 14
1 152 85 9 6
1 180 87 7 4
3 216 150 37 39
3 117 99 34 38
4 115 148 34 39
4 219 189 30 19
6 166 150 38 39
6 167 188 38 13
1 167 90 33 16
1 155 112 14 7
3 216 150 37 40
3 117 99 34 38
4 115 148 35 39
4 218 189 32 19
6 166 150 38 39
6 167 189 38 14
1 153 84 11 8
1 153 111 9 4
3 216 150 37 39
3 117 99 35 38
4 115 148 35 38
4 217 189 35 19
6 165 150 39 39
6 166 189 39 14
1 165 99 33 36
3 216 150 37 39
3 117 99 35 38
4 115 148 35 39
4 219 189 29 19
6 166 150 38 39
6 166 188 38 13
1 158 82 19 5
1 151 99 7 2
3 216 150 37 39
3 116 99 35 38
4 115 148 35 39
4 217 189 33 19
6 166 150 38 39
6 166 189 38 14
1 155 114 12 5
1 151 94 7 4
3 216 150 37 39
3 116 99 35 38
4 115 148 35 39
4 219 189 30 19
6 165 150 39 39
6 166 188 37 13
1 168 86 34 10
3 216 150 36 39
3 116 99 35 38
4 115 148 35 39
4 219 189 29 19
6 166 150 38 39
6 167 189 38 14
1 154 113 10 5
1 158 95 8 10
3 216 150 37 40
3 117 99 34 38
4 115 148 34 39
4 217 189 33 19
6 166 151 38 40
6 167 189 38 14
1 177 87 14 10
1 150 86 5 9
3 216 150 37 39
3 117 99 34 38
4 115 148 34 39
4 217 189 34 19
6 166 151 38 40
6 166 188 38 13
1 160 114 22 6
1 152 99 7 2
3 216 150 37 40
3 117 99 34 38
4 115 148 35 38
4 220 189 28 19
6 166 150 38 39
6 166 188 39 13
1 164 90 34 21
1 156 114 12 5
3 216 150 37 39
3 117 99 35 38
4 115 148 35 39
4 217 189 33 19
6 165 150 39 39
6 167 189 38 14
1 156 114 14 6
3 216 150 37 39
3 117 99 35 38
4 116 148 36 39
4 219 189 30 19
6 166 150 38 39
6 166 188 39 13
1 170 92 29 22
1 151 111 7 3
3 216 150 37 40
3 116 99 35 38
4 115 148 35 38
4 218 189 32 19
6 166 150 38 39
6 166 188 37 13
3 217 150 36 39
3 117 99 34 38
4 115 148 34 39
4 217 189 33 19
6 166 150 38 39
6 166 189 39 14
1 166 90 37 13
1 156 114 12 3
3 216 150 37 39
3 117 99 34 38
4 115 148 35 39
4 217 189 33 19
6 166 150 38 39
6 166 188 37 13
1 154 113 9 5
1 179 82 14 3
3 216 150 37 39
3 116 99 35 38
4 115 148 35 39
4 217 189 33 19
6 166 150 38 39
6 167 189 38 14
1 174 87 9 10
1 155 92 13 16
1 157 112 16 4
3 216 150 37 40
3 117 99 34 38
4 115 148 35 39
4 219 189 30 19
6 166 150 38 39
6 167 189 38 14
1 157 83 19 7
3 217 150 36 40
3 116 99 35 38
4 115 148 35 38
4 219 189 32 19
6 166 150 38 39
6 167 189 38 15
1 157 99 17 36
1 180 88 10 5
3 216 150 36 39
3 117 99 34 38
4 115 148 35 39
4 218 189 31 19
6 165 150 39 39
6 166 188 37 13
1 167 84 36 6
3 216 150 37 39
3 117 99 34 38
4 115 148 35 39
4 220 189 30 19
6 166 150 38 39
6 167 188 38 13
1 154 106 10 19
1 151 84 7 4
1 176 115 10 3
1 181 90 7 2
3 216 150 37 40
3 117 99 34 38
4 115 148 35 39
4 219 189 30 19
6 166 150 38 39
6 167 188 38 13
1 166 89 37 16
3 216 150 37 39
3 116 99 35 38
4 115 148 35 39
4 218 189 31 19
6 166 150 38 39
6 166 189 37 14
1 156 114 13 6
1 168 108 7 4
3 216 150 37 39
3 117 99 34 38
4 115 148 34 38
4 218 189 31 19
6 166 150 38 39
6 166 189 39 15
1 157 88 18 17
1 179 86 11 8
1 154 113 8 6
3 216 150 37 39
3 117 99 36 38
4 115 148 35 38
4 219 189 30 19
6 166 150 39 39
6 167 189 38 14
1 157 112 17 9
1 178 114 7 4
3 216 150 37 40
3 117 99 34 38
4 115 148 35 39
4 218 189 31 19
6 166 150 38 39
6 166 189 39 15
1 166 87 37 14
3 216 150 36 39
3 116 99 35 38
4 115 148 35 39
4 219 189 30 19
6 166 150 38 39
6 166 189 39 14
1 159 113 23 6
3 216 150 37 39
3 116 99 35 38
4 115 148 35 39
4 217 189 33 19
6 165 150 39 39
6 167 189 38 14
1 167 98 38 35
3 216 150 37 39
3 117 99 34 38
4 115 148 34 39
4 219 189 29 19
6 166 150 38 39
6 167 188 38 13
1 155 113 10 4
1 151 83 7 3
3 216 150 37 39
3 117 99 34 38
4 115 148 35 39
4 217 189 34 19
6 166 150 38 39
6 166 189 39 15
1 159 112 20 5
1 158 90 20 19
3 216 150 37 39
3 117 99 35 38
4 115 148 35 38
4 217 189 33 19
6 166 150 38 39
6 166 189 39 14
1 160 113 15 7
1 161 87 18 2
1 182 88 7 4
3 216 150 37 39
3 116 99 35 38
4 115 148 35 38
4 219 189 30 19
6 166 150 38 39
6 167 189 37 14
1 167 99 38 36
3 216 150 37 39
3 117 99 34 38
4 115 148 35 39
4 217 189 33 19
6 166 150 38 39
6 166 188 38 13
1 166 86 37 10
3 216 150 37 39
3 116 99 35 38
4 115 148 35 39
4 219 189 30 19
6 166 150 38 39
6 167 189 37 15
1 166 90 37 16
1 159 114 18 6
3 216 150 36 39
3 117 99 34 38
4 115 148 34 39
4 219 189 29 19
6 166 150 38 39
6 166 188 38 13
1 166 85 37 11
3 216 150 37 39
3 117 99 34 38
4 115 148 35 39
4 219 189 30 19
6 166 150 38 39
6 167 189 38 14
1 167 115 29 5
1 182 88 8 9
1 160 85 19 5
3 216 150 37 40
3 117 99 34 38
4 115 148 35 39
4 218 189 31 19
6 165 150 39 39
6 167 189 38 14
1 164 85 32 9
3 216 150 37 39
3 117 99 34 38
4 116 148 36 38
4 219 189 30 19
6 166 150 38 39
6 166 189 39 14
1 159 108 19 18
1 181 90 7 6
1 154 88 12 2
3 216 150 37 39
3 117 99 34 38
4 115 148 34 38
4 219 189 30 19
6 166 150 38 39
6 166 189 39 14
1 166 90 37 19
3 216 150 36 39
3 116 99 35 38
4 115 148 35 39
4 218 189 31 19
6 166 150 38 39
6 166 188 39 13
1 156 113 15 7
1 183 86 6 4
3 216 150 37 39
3 117 99 34 38
4 115 148 35 38
4 218 189 31 19
6 166 150 38 39
6 166 188 38 13
1 162 86 26 13
3 216 150 36 39
3 117 99 34 38
4 115 148 35 39
4 217 189 33 19
6 165 151 39 40
6 166 189 39 15
1 155 112 13 3
3 216 150 37 39
3 116 99 35 38
4 115 148 35 39
4 217 189 34 19
6 166 150 38 39
6 166 189 38 14
1 167 90 39 19
1 152 112 7 2
3 216 150 37 39
3 116 99 35 38
4 115 148 35 38
4 219 189 30 19
6 166 150 38 39
6 166 188 37 13
1 156 113 13 8
1 166 89 8 3
3 216 150 37 39
3 117 99 36 38
4 116 148 36 39
4 219 189 30 19
6 166 150 38 39
6 166 189 39 15
1 166 91 37 13
1 156 113 11 5
3 216 150 37 39
3 117 99 34 38
4 115 148 35 38
4 219 189 30 19
6 166 150 38 39
6 166 189 39 14
1 179 84 7 7
3 216 150 37 40
3 116 99 35 38
4 115 148 35 39
4 219 190 31 18
6 166 151 38 40
6 166 188 37 13
1 167 91 36 12
1 155 113 17 7
3 216 150 37 40
3 117 99 34 38
4 115 148 35 39
4 218 189 32 19
6 166 150 38 39
6 167 188 38 13
1 152 83 8 6
1 181 87 6 5
3 216 150 37 39
3 117 99 34 38
4 115 148 35 39
4 217 189 34 19
6 166 150 38 39
6 166 188 38 13
1 157 84 19 5
1 180 84 9 5
1 157 115 15 4
1 162 99 6 2
3 216 150 36 39
3 117 99 34 38
4 115 148 34 39
4 219 189 30 19
6 166 150 38 39
6 167 189 38 14
1 162 86 29 10
1 161 115 14 3
3 216 150 37 39
3 117 99 34 38
4 115 148 35 38
4 219 189 29 19
6 166 150 38 39
6 166 189 37 14
1 153 98 9 32
3 216 150 37 40
3 117 99 34 38
4 115 148 35 39
4 219 189 30 19
6 166 150 38 39
6 167 188 38 13
1 167 89 36 14
3 216 150 37 39
3 117 99 34 38
4 115 148 35 39
4 218 189 31 19
6 166 150 38 39
6 167 189 38 14
1 161 113 22 8
1 158 88 10 4
1 178 96 6 2
3 216 150 36 39
3 116 99 35 38
4 115 148 35 39
4 218 189 32 19
6 166 151 38 40
6 166 189 37 14
1 167 87 38 13
1 155 112 10 3
3 216 150 37 39
3 117 99 34 38
4 115 148 35 38
4 219 189 32 19
6 165 150 39 39
6 166 188 37 13
1 156 115 11 4
1 151 96 7 7
3 216 150 37 39
3 117 99 34 38
4 115 148 34 39
4 219 189 30 19
6 166 150 38 39
6 167 189 38 14
1 166 88 37 16
3 216 150 36 39
3 117 99 34 38
4 115 148 35 38
4 219 189 30 19
6 166 150 38 39
6 167 189 38 14
1 156 115 10 4
3 216 150 35 40
3 117 99 34 38
4 115 148 35 38
4 218 189 31 19
6 166 150 39 39
6 166 188 38 13
1 166 89 37 18
1 155 114 6 4
3 216 150 37 39
3 117 99 34 38
4 115 148 35 38
4 218 189 32 19
6 166 150 38 39
6 165 188 39 13
1 151 83 5 5
1 155 113 10 5
3 216 150 37 39
3 117 99 35 38
4 115 148 35 38
4 219 189 29 19
6 166 150 38 39
6 166 189 39 14
1 167 99 37 34
3 216 150 37 39
3 117 99 34 38
4 115 148 35 39
4 218 189 32 19
6 166 151 38 40
6 166 188 38 12
1 156 113 13 8
3 216 150 37 40
3 117 99 34 38
4 115 148 35 39
4 219 189 30 19
6 166 150 38 39
6 167 189 38 14
1 167 90 39 20
1 156 113 14 5
3 216 150 37 39
3 117 99 34 38
4 115 148 35 38
4 218 189 32 18
6 166 150 38 39
6 167 189 38 14
1 178 84 10 4
3 216 150 36 39
3 117 99 34 38
4 115 148 35 38
4 218 189 31 19
6 166 150 38 39
6 166 189 39 14
1 167 87 36 10
1 158 115 8 3
3 216 150 37 39
3 117 99 34 38
4 115 148 34 39
4 217 189 33 19
6 166 150 38 39
6 166 189 39 14
1 153 85 10 11
1 179 86 12 3
3 216 150 37 39
3 117 99 34 38
4 115 148 35 38
4 219 189 30 19
6 166 150 38 39
6 166 189 38 14
1 157 104 17 25
1 154 82 13 2
3 216 150 36 40
3 117 99 34 38
4 115 148 35 39
4 218 189 31 19
6 166 150 38 39
6 165 188 39 13
1 166 85 35 9
1 153 111 7 4
3 216 150 36 39
3 116 99 35 38
4 115 148 35 39
4 218 189 31 19
6 165 150 39 39
6 166 188 38 13
1 155 113 13 6
1 160 98 25 3
1 157 82 12 3
3 216 150 37 40
3 117 99 34 38
4 115 148 35 38
4 219 189 30 19
6 166 150 38 39
6 166 188 37 13
1 160 84 25 5
3 216 150 37 39
3 116 99 35 38
4 115 148 35 38
4 217 189 33 19
6 166 151 38 40
6 166 189 39 14
3 217 150 36 40
3 117 99 34 38
4 115 148 35 38
4 217 189 33 19
6 166 150 38 39
6 166 189 40 14
1 167 88 36 16
3 216 150 37 39
3 116 99 35 38
4 115 148 35 38
4 219 189 32 19
6 166 150 38 39
6 167 189 38 15
1 156 113 12 5
3 216 150 37 39
3 117 99 34 38
4 115 148 35 38
4 217 189 33 19
6 166 150 38 39
6 166 188 38 13
1 168 91 39 23
1 158 114 6 3
3 216 150 37 40
3 117 99 34 38
4 115 148 35 39
4 217 189 34 19
6 166 151 38 40
6 166 188 37 13
1 155 114 11 3
3 216 150 37 39
3 117 99 34 38
4 116 148 36 39
4 220 189 28 19
6 166 150 38 39
6 167 189 38 15
1 161 94 26 27
3 216 150 37 39
3 117 99 34 38
4 115 148 35 38
4 217 189 33 19
6 166 150 38 39
6 166 189 38 14
1 153 112 9 3
3 216 150 37 39
3 117 99 34 38
4 115 148 35 38
4 218 189 31 19
6 166 150 38 39
6 166 188 39 13
1 166 86 37 8
1 160 113 23 5
1 153 99 6 3
3 216 150 36 39
3 117 99 34 38
4 116 148 36 39
4 219 189 30 19
6 166 150 38 39
6 166 188 38 13
1 155 113 13 5
1 160 86 9 5
3 216 150 37 39
3 117 99 34 38
4 116 148 36 38
4 217 189 33 19
6 165 150 39 39
6 167 189 38 14
1 166 93 37 15
1 155 113 9 8
3 216 150 37 39
3 117 99 34 38
4 115 148 35 39
4 219 189 30 19
6 166 150 38 39
6 166 188 37 13
1 154 91 10 2
3 216 150 37 39
3 117 99 34 38
4 116 148 36 39
4 219 189 30 19
6 166 150 38 39
6 166 188 37 13
1 158 112 19 9
1 151 90 7 10
1 178 91 13 3
3 216 150 37 39
3 117 99 34 38
4 115 148 35 39
4 219 189 30 19
6 166 150 38 39
6 166 188 37 13
1 153 84 11 6
1 176 82 10 2
3 216 150 37 39
3 117 99 34 38
4 116 148 36 38
4 219 189 30 19
6 165 150 39 39
6 166 189 39 14
1 166 99 28 35
3 216 150 37 39
3 117 99 35 38
4 115 148 35 38
4 219 189 30 19
6 165 150 39 39
6 167 189 38 14
1 167 85 36 10
3 216 150 37 39
3 117 99 34 38
4 115 148 35 39
4 220 189 28 19
6 166 150 38 39
6 166 188 37 13
1 157 115 11 4
1 177 116 9 2
1 154 93 9 4
3 216 150 36 40
3 117 99 34 38
4 115 148 34 39
4 217 189 34 19
6 166 150 38 39
6 166 188 38 13
1 165 90 34 20
3 216 150 37 39
3 117 99 35 38
4 115 148 35 38
4 217 189 33 19
6 166 150 38 39
6 167 189 38 15
