1 174 75 38 37
1 174 126 39 40
1 225 74 36 34
4 230 173 36 37
4 179 175 41 35
6 129 176 38 35
6 125 77 35 37
1 174 75 38 37
1 225 73 36 35
1 175 130 40 32
4 229 173 35 38
4 179 175 40 35
6 129 176 38 36
6 125 77 36 37
1 174 75 38 38
1 174 126 39 40
1 224 73 35 35
4 229 173 35 36
4 179 175 41 35
6 129 176 38 36
6 125 77 36 37
1 174 75 38 38
1 225 73 36 35
1 175 126 41 39
4 179 175 41 35
4 229 173 35 36
6 129 176 38 35
6 125 77 35 37
1 174 75 38 38
1 174 126 39 39
1 225 73 36 35
4 179 175 40 35
4 229 173 34 37
6 125 77 35 37
6 129 176 38 35
1 174 75 38 38
1 175 126 40 39
1 225 73 36 35
4 179 175 39 35
4 229 173 35 36
6 129 176 38 36
6 125 77 35 37
1 174 75 38 37
1 175 126 40 39
1 225 73 36 35
4 229 173 35 37
4 179 175 40 35
6 129 176 38 35
6 125 77 35 37
1 174 75 38 36
1 174 126 39 39
1 225 74 36 34
4 229 173 35 37
4 179 175 40 35
6 129 176 38 35
6 125 77 36 37
1 174 75 38 37
1 175 128 40 36
1 224 73 35 35
4 229 173 35 37
4 179 175 41 35
6 129 176 38 35
6 125 77 35 37
1 174 75 38 36
1 175 126 41 40
1 225 73 36 35
4 229 173 34 36
4 179 175 40 35
6 129 176 38 36
6 125 77 36 37
1 174 74 38 37
1 174 126 39 39
1 225 73 36 35
4 229 173 34 37
4 179 175 40 35
6 125 77 36 37
6 129 176 38 35
1 174 75 38 38
1 175 126 40 40
1 225 73 36 35
4 179 176 41 36
4 230 173 34 37
6 129 176 38 35
6 125 77 35 37
1 174 75 38 38
1 175 126 41 39
1 225 73 37 35
4 179 175 40 35
4 229 173 33 37
6 129 176 38 36
6 125 77 35 37
1 174 75 38 37
1 175 126 40 39
1 225 74 36 34
4 229 173 35 37
4 179 175 41 35
6 125 77 36 37
6 128 176 37 35
1 174 75 38 37
1 174 127 39 37
1 225 73 36 35
4 179 175 41 35
4 230 173 34 37
6 125 77 35 37
6 129 176 38 35
1 174 75 38 37
1 175 126 40 39
1 225 73 36 35
4 229 173 34 37
4 179 175 41 35
6 129 176 38 35
6 125 77 36 37
1 174 75 38 38
1 225 73 36 35
1 175 129 41 33
4 179 175 40 35
4 229 173 34 37
6 125 77 35 37
6 129 176 38 35
1 174 75 38 37
1 175 126 40 39
1 225 73 36 35
4 179 175 41 35
4 230 173 36 36
6 129 176 38 36
6 125 77 35 37
1 174 74 38 37
1 225 73 36 35
1 174 126 39 39
4 179 176 41 36
4 229 173 35 37
6 125 77 36 37
6 129 176 38 35
1 174 75 38 37
1 175 126 40 39
1 225 73 36 35
4 229 173 35 37
4 179 175 41 35
6 129 176 38 35
6 125 77 36 37
1 174 75 38 37
1 175 128 40 36
1 224 74 35 34
4 180 175 40 35
4 229 173 35 37
6 125 77 36 37
6 129 176 38 35
1 174 75 38 36
1 174 126 39 39
1 224 73 35 35
4 179 175 40 35
4 229 173 35 37
6 125 77 35 37
6 129 176 38 36
1 174 75 38 36
1 225 74 36 36
1 175 126 40 39
4 179 175 40 35
4 229 173 35 37
6 129 176 38 36
6 125 77 35 36
1 174 75 38 38
1 174 127 39 37
1 225 73 37 35
4 179 175 40 35
4 229 173 35 37
6 129 176 38 35
6 125 77 35 37
1 174 75 38 38
1 175 126 41 40
1 225 74 36 36
4 179 175 40 35
4 229 173 35 37
6 129 176 38 36
6 125 77 35 37
1 174 75 38 38
1 175 126 40 39
1 224 73 35 35
4 229 173 35 36
4 179 175 41 35
6 125 77 35 37
6 129 176 38 36
1 174 75 38 37
1 175 126 40 39
1 224 73 35 35
4 179 175 40 35
4 229 173 35 37
6 129 176 38 35
6 125 77 35 37
1 174 75 38 37
1 175 127 40 37
1 225 73 36 35
4 179 175 40 35
4 229 173 35 37
6 125 77 35 36
6 129 176 38 36
1 174 75 38 37
1 175 126 41 40
1 225 73 37 35
4 230 173 34 37
4 179 175 40 35
6 129 176 38 36
6 125 77 36 37
1 174 75 38 38
1 174 128 39 36
1 224 73 35 35
4 180 176 40 36
4 229 173 35 36
6 125 77 36 37
6 129 176 38 35
1 174 75 38 38
1 175 126 40 39
1 225 74 36 34
4 179 176 40 36
4 229 173 35 38
6 125 77 35 37
6 129 176 38 35
1 174 75 38 36
1 224 73 35 35
1 175 128 40 35
4 179 176 40 36
4 229 173 35 37
6 125 77 35 37
6 129 176 38 35
1 174 75 38 36
1 175 126 40 39
1 225 74 36 34
4 229 173 35 36
4 179 176 41 36
6 129 176 38 35
6 125 77 36 37
1 174 74 38 37
1 225 73 36 35
1 175 128 40 35
4 179 175 41 35
4 229 173 35 37
6 129 176 38 35
6 125 77 35 37
1 174 75 38 37
1 175 126 41 39
1 225 73 36 35
4 229 173 35 37
4 179 175 41 35
6 129 176 38 35
6 125 77 35 37
1 174 75 38 37
1 225 73 36 35
1 175 129 40 34
4 229 173 34 37
4 179 175 40 35
6 125 77 35 37
6 129 176 38 36
1 174 75 39 37
1 174 126 39 39
1 225 70 36 29
4 229 173 34 37
4 179 175 40 35
6 129 176 38 35
6 125 77 36 37
1 174 74 38 37
1 175 126 40 39
1 225 74 36 35
4 179 175 40 35
4 229 173 35 37
6 129 176 38 35
6 125 77 35 37
1 174 75 38 38
1 175 126 40 39
1 224 73 35 35
4 179 175 40 35
4 229 173 33 37
6 129 176 38 36
6 125 77 36 37
1 174 75 38 36
1 174 126 39 39
1 225 73 36 35
4 229 173 35 37
4 179 175 40 35
6 129 176 38 35
6 125 77 36 37
1 174 75 38 37
1 175 126 40 39
1 225 73 36 35
4 179 175 40 35
4 229 173 34 37
6 125 77 35 37
6 129 176 38 35
1 174 75 38 37
1 174 126 39 39
1 225 74 36 34
4 179 176 40 36
4 229 173 35 37
6 125 77 35 37
6 129 176 38 35
1 174 75 38 37
1 175 128 40 35
1 224 73 35 35
4 179 175 40 35
4 230 173 34 37
6 125 77 35 37
6 129 176 38 35
1 174 75 38 37
1 175 126 40 40
1 225 73 36 35
4 229 173 35 36
4 179 175 40 34
6 129 176 38 35
6 125 77 36 37
1 174 75 38 37
1 225 73 36 35
1 175 129 40 34
4 179 175 40 35
4 229 173 35 37
6 125 77 35 37
6 129 176 38 35
1 174 75 38 37
1 174 126 39 40
1 225 73 36 35
4 179 175 39 35
4 229 173 35 37
6 125 77 35 37
6 129 176 38 35
1 174 75 38 37
1 225 73 37 35
1 175 129 40 33
4 229 173 35 37
4 179 175 41 35
6 129 176 38 35
6 125 77 35 37
1 174 75 38 37
1 175 126 40 39
1 225 73 36 35
4 230 173 34 37
4 180 175 40 35
6 129 176 38 36
6 125 77 36 37
1 174 75 38 38
1 225 74 36 36
1 174 128 39 35
4 179 175 41 34
4 230 173 34 37
6 129 176 38 35
6 125 77 36 37
1 174 75 38 37
1 174 126 39 39
1 225 73 36 35
4 179 175 40 35
4 229 173 35 37
6 125 77 35 37
6 129 176 38 35
1 174 75 38 38
1 225 74 36 34
1 175 126 40 39
4 179 175 41 35
4 229 173 35 37
6 129 176 38 35
6 125 77 36 37
1 174 75 38 37
1 174 126 39 39
1 224 73 35 35
4 179 175 40 35
4 230 173 34 37
6 129 176 38 35
6 125 77 35 37
1 174 75 38 37
1 175 128 41 36
1 224 73 35 35
4 179 176 41 36
4 230 173 34 37
6 129 176 38 36
6 125 77 35 37
1 174 75 38 38
1 174 126 39 39
1 224 73 35 35
4 179 175 40 35
4 230 173 36 37
6 125 77 35 36
6 129 176 38 35
1 174 75 38 37
1 175 126 40 39
1 225 74 36 34
4 179 175 41 36
4 229 173 35 37
6 125 77 36 37
6 129 176 38 35
1 174 75 39 38
1 175 127 40 38
1 224 73 35 35
4 179 175 40 35
4 229 173 35 37
6 129 176 38 35
6 125 77 36 36
1 174 75 38 37
1 175 126 40 40
1 225 74 36 35
4 179 176 40 36
4 229 173 35 37
6 129 176 38 35
6 125 77 35 37
1 174 75 38 37
1 175 128 41 35
1 225 73 36 35
4 229 173 35 36
4 179 175 40 35
6 129 176 38 36
6 125 77 36 37
1 174 75 38 36
1 175 126 40 39
1 224 73 35 35
4 229 173 35 37
4 179 175 40 35
6 129 176 38 36
6 125 77 35 37
1 174 75 38 38
1 175 127 40 37
1 225 73 36 35
4 229 173 34 36
4 179 175 41 35
6 125 77 36 37
6 129 176 38 36
1 174 75 38 38
1 175 126 40 39
1 225 73 36 35
4 179 175 41 35
4 229 173 35 37
6 129 176 38 36
6 125 77 35 37
1 174 75 38 38
1 175 128 40 35
1 224 73 35 35
4 179 176 41 36
4 229 173 35 36
6 128 176 37 35
6 125 77 36 37
1 174 75 38 37
1 175 126 40 39
1 225 73 36 35
4 179 175 40 35
4 229 173 35 37
6 129 176 38 35
6 125 77 35 37
1 174 75 38 37
1 225 74 36 34
1 175 126 40 39
4 179 175 39 35
4 229 173 35 37
6 129 176 38 35
6 125 77 36 37
1 174 75 38 36
1 174 126 39 39
1 225 74 36 34
4 179 175 41 35
4 230 173 36 36
6 125 77 36 37
6 129 176 38 35
1 174 75 38 37
1 224 73 35 35
1 175 126 40 39
4 179 175 40 35
4 230 173 36 37
6 129 176 38 36
6 125 77 36 37
1 174 75 38 37
1 175 126 40 39
1 225 73 36 35
4 179 175 40 35
4 229 173 34 37
6 125 77 35 37
6 129 176 38 35
1 174 74 38 37
1 175 126 40 39
1 225 74 37 36
4 179 175 41 36
4 229 173 35 37
6 129 176 38 35
6 125 77 35 36
1 174 75 38 38
1 175 126 40 39
1 224 73 35 35
4 179 175 41 35
4 229 173 35 37
6 129 176 38 35
6 125 77 36 37
1 174 75 38 36
1 174 126 39 39
1 224 74 35 36
4 229 173 34 37
4 179 176 39 36
6 125 77 35 37
6 129 176 38 35
1 174 75 38 36
1 174 128 39 35
1 225 73 36 35
4 229 173 35 37
4 179 175 41 35
6 129 176 38 36
6 125 77 35 37
1 174 75 38 36
1 175 126 41 39
1 225 74 36 34
4 229 173 35 37
4 179 175 40 35
6 129 176 38 35
6 125 77 35 37
1 174 75 38 36
1 175 128 40 36
1 225 73 37 35
4 179 175 39 35
4 229 173 35 37
6 129 176 38 35
6 125 77 35 37
1 174 75 38 38
1 175 126 41 40
1 225 73 36 35
4 229 173 35 35
4 179 175 41 35
6 129 176 37 35
6 125 77 36 37
1 174 75 38 38
1 174 126 38 39
1 225 73 36 35
4 179 175 40 35
4 229 173 35 37
6 129 176 38 35
6 125 77 35 37
1 174 75 38 37
1 175 126 41 40
1 225 74 36 34
4 179 175 41 35
4 229 173 35 36
6 125 77 35 37
6 129 176 38 35
1 174 75 38 37
1 225 73 36 35
1 174 126 39 39
4 179 175 40 35
4 229 173 35 37
6 125 77 35 37
6 129 176 38 35
1 174 75 38 36
1 175 126 40 40
1 225 73 36 35
4 179 175 41 35
4 230 173 34 37
6 129 176 38 36
6 125 77 36 37
1 174 75 38 37
1 225 74 36 36
1 175 126 40 39
4 179 175 40 35
4 229 173 35 36
6 129 176 38 36
6 125 77 35 37
1 174 75 38 38
1 175 126 41 39
1 225 73 36 35
4 179 176 41 36
4 229 173 34 37
6 129 176 38 36
6 125 77 35 37
1 174 75 38 37
1 225 74 36 36
1 175 128 41 35
4 179 175 40 35
4 229 173 35 37
6 125 77 35 37
6 129 176 38 35
1 174 75 38 37
1 174 126 39 39
1 225 73 36 35
4 180 175 42 35
4 230 173 36 37
6 129 176 38 35
6 125 77 35 37
1 174 75 38 37
1 174 127 39 37
1 224 73 35 35
4 179 175 40 35
4 229 173 35 37
6 129 176 38 35
6 125 77 35 37
1 174 75 38 36
1 175 126 40 39
1 225 73 36 35
4 179 176 40 36
4 229 173 34 37
6 125 77 35 37
6 129 176 38 35
1 174 75 38 38
1 175 126 41 39
1 224 74 35 36
4 179 175 41 35
4 230 173 34 37
6 129 176 38 36
6 125 77 36 37
1 174 75 38 37
1 174 126 39 39
1 225 73 37 35
4 179 176 40 36
4 229 173 35 37
6 125 77 35 37
6 129 176 38 36
1 174 75 38 37
1 175 126 40 40
1 225 74 36 34
4 179 175 40 35
4 229 173 34 37
6 129 176 38 35
6 125 77 35 37
1 174 75 38 37
1 174 126 39 39
1 224 73 35 35
4 229 173 35 37
4 179 175 40 35
6 129 176 38 35
6 125 77 35 37
1 174 75 38 36
1 175 126 40 39
1 225 73 34 35
4 179 175 39 35
4 229 173 34 37
6 129 176 38 35
6 125 77 35 37
1 174 75 38 37
1 174 129 39 34
1 225 73 36 35
4 179 176 41 36
4 230 173 34 37
6 125 77 36 37
6 129 176 38 35
1 174 75 38 36
1 175 126 40 39
1 224 73 35 35
4 179 176 41 36
4 229 173 35 37
6 125 77 36 37
6 129 176 38 36
1 174 75 38 36
1 175 126 40 39
1 225 73 37 35
4 230 173 36 37
4 179 175 41 34
6 125 77 35 37
6 129 176 38 36
1 174 75 38 38
1 175 126 41 40
1 224 73 35 35
4 179 175 41 35
4 229 173 34 37
6 129 176 38 35
6 125 77 35 37
1 174 75 38 38
1 225 73 36 35
1 175 128 41 36
4 179 175 39 35
4 229 173 34 37
6 129 176 38 35
6 125 77 35 37
1 174 75 38 37
1 175 126 40 40
1 224 73 35 35
4 179 176 40 36
4 229 173 35 37
6 125 77 36 37
6 129 176 38 35
1 174 75 38 38
1 225 73 36 35
1 175 127 41 38
4 230 173 36 36
4 179 175 41 35
6 125 77 35 37
6 129 176 38 35
1 174 75 38 38
1 175 126 40 39
1 225 73 36 35
4 229 173 33 37
4 179 175 40 35
6 125 77 35 37
6 128 176 37 36
1 174 75 38 37
1 175 128 40 35
1 225 73 36 35
4 230 173 34 37
4 179 175 39 35
6 125 77 35 37
6 129 176 38 35
1 174 75 38 38
1 175 127 40 38
1 225 73 36 35
4 229 173 34 37
4 179 175 41 35
6 129 176 38 35
6 125 77 36 37
1 174 75 38 38
1 175 126 40 39
1 225 74 36 34
4 179 176 41 36
4 229 173 35 37
6 129 176 38 35
6 125 77 35 37
1 174 75 38 38
1 175 127 40 38
1 225 73 36 35
4 179 175 40 35
4 229 173 35 36
6 129 176 38 35
6 125 77 35 37
1 174 75 38 36
1 175 126 40 39
1 225 74 36 34
4 229 173 35 37
4 179 175 41 35
6 129 176 38 35
6 125 77 36 37
1 174 75 38 37
1 175 128 40 35
1 224 73 35 35
4 179 175 41 35
4 230 173 34 37
6 129 176 38 35
6 125 77 35 37
1 174 75 38 37
1 175 126 41 39
1 225 73 36 35
4 229 173 35 37
4 179 175 40 35
6 129 176 38 35
6 125 77 36 37
1 174 75 38 37
1 175 128 40 35
1 224 73 35 35
4 179 175 40 35
4 229 173 35 37
6 129 176 38 35
6 125 77 35 37
1 174 75 38 37
1 175 126 41 39
1 224 74 35 34
4 179 176 40 36
4 229 173 34 37
6 129 176 38 35
6 125 77 35 37
1 174 75 38 38
1 225 73 36 35
1 175 129 41 34
4 229 173 35 37
4 179 175 41 35
6 125 77 35 37
6 129 176 38 35
1 174 75 38 38
1 174 126 39 39
1 225 73 36 35
4 179 175 40 35
4 229 173 35 37
6 129 176 38 35
6 125 77 35 37
1 174 75 38 36
1 175 126 41 39
1 225 73 36 35
4 229 173 35 37
4 179 175 41 35
6 129 176 38 36
6 125 77 36 37
1 174 74 39 37
1 174 126 39 39
1 224 73 34 35
4 179 176 41 36
4 229 173 34 37
6 125 77 36 37
6 129 176 38 35
1 174 75 38 37
1 224 74 35 36
1 174 129 39 34
4 179 176 41 36
4 229 173 35 37
6 129 176 38 35
6 125 77 35 37
1 174 74 38 37
1 174 126 39 39
1 225 73 36 35
4 229 173 35 37
4 179 175 40 35
6 129 176 38 35
6 125 77 35 37
1 174 75 38 38
1 225 74 36 36
1 175 126 40 39
4 229 173 35 38
4 179 175 40 34
6 129 176 38 35
6 125 77 36 37
1 174 75 38 37
1 175 126 40 39
1 225 73 36 35
4 229 173 35 37
4 179 175 40 35
6 129 176 38 36
6 125 77 35 37
1 174 75 38 36
1 174 126 39 40
1 225 73 36 35
4 179 175 41 35
4 229 173 34 37
6 129 176 38 35
6 125 77 36 37
1 174 75 38 38
1 174 126 39 39
1 224 73 35 35
4 229 173 35 37
4 179 176 40 36
6 129 176 38 36
6 125 77 36 37
1 174 75 38 37
1 175 126 41 39
1 225 74 36 35
4 229 173 35 37
4 180 176 40 36
6 129 176 38 36
6 125 77 36 37
1 174 74 38 37
1 175 126 40 39
1 225 73 37 35
4 179 175 41 35
4 229 173 35 37
6 125 77 36 36
6 129 176 38 35
1 174 75 38 37
1 175 126 40 39
1 225 74 36 35
4 179 175 39 35
4 229 173 35 37
6 129 176 38 35
6 125 77 35 37
1 174 74 38 37
1 174 128 39 35
1 225 73 36 35
4 229 173 35 37
4 179 176 40 36
6 129 176 38 35
6 125 77 35 37
1 174 75 38 37
1 175 127 40 37
1 225 73 36 35
4 229 173 35 36
4 179 175 41 35
6 129 176 38 35
6 125 77 35 37
1 174 75 38 37
1 225 73 36 35
1 174 127 39 38
4 179 176 41 36
4 229 173 35 37
6 129 176 38 35
6 125 77 35 37
1 174 75 38 36
1 175 126 40 39
1 224 73 35 35
4 179 176 41 36
4 229 173 35 36
6 129 176 38 36
6 125 77 35 37
1 174 75 39 38
1 224 73 35 35
1 175 128 40 35
4 230 173 34 37
4 179 176 40 36
6 129 176 38 36
6 125 77 35 37
1 174 75 38 37
1 174 126 39 39
1 225 74 36 36
4 229 173 35 37
4 179 175 41 35
6 129 176 38 35
6 125 77 36 37
1 174 74 38 37
1 225 74 37 34
1 174 128 39 35
4 179 175 40 35
4 229 173 35 37
6 129 176 38 35
6 125 77 36 37
1 174 75 38 37
1 174 126 39 39
1 225 73 36 35
4 179 175 40 35
4 229 173 35 37
6 129 176 38 35
6 125 77 35 37
1 174 75 38 38
1 175 126 41 39
1 225 74 36 34
4 229 173 34 37
4 179 175 40 35
6 129 176 38 35
6 125 77 35 37
1 174 75 38 38
1 174 126 39 39
1 225 73 36 35
4 179 175 40 35
4 229 173 35 37
6 129 176 38 35
6 125 77 35 37
1 174 75 38 38
1 175 126 41 40
1 225 74 36 35
4 179 175 40 35
