1 179 74 39 36
1 130 73 36 36
1 130 123 36 40
1 130 165 37 22
3 180 125 38 40
3 230 176 35 36
6 232 126 35 39
1 179 74 39 36
1 130 73 36 36
1 130 127 36 32
1 129 165 35 23
3 180 125 38 40
3 230 176 35 36
6 232 126 35 39
1 179 74 39 36
1 130 73 36 36
1 130 123 36 40
1 129 168 35 28
3 180 125 38 40
3 230 175 35 35
6 232 126 35 39
1 179 73 39 37
1 130 73 36 36
1 130 125 37 35
1 130 167 37 27
3 180 125 38 40
3 230 175 35 35
6 232 126 35 39
1 179 74 39 36
1 130 73 37 36
1 130 124 36 38
1 129 167 34 26
3 180 125 39 40
3 230 175 35 35
6 232 126 35 39
1 179 74 39 36
1 130 73 36 36
1 130 127 36 31
1 129 169 34 31
3 180 125 38 40
3 230 176 35 36
6 232 126 35 39
1 179 74 39 36
1 130 73 36 36
1 130 123 36 39
1 129 164 34 21
3 180 125 39 40
3 230 175 35 35
6 232 126 35 39
1 179 74 39 36
1 130 73 36 36
1 130 128 36 29
1 129 167 34 27
3 180 125 39 40
3 230 176 35 36
6 233 126 36 39
1 179 74 39 36
1 130 73 36 36
1 129 123 35 38
1 129 165 35 22
3 180 125 38 40
3 230 175 35 35
6 232 126 35 39
1 179 74 39 36
1 130 73 36 36
1 130 125 36 35
1 129 169 34 30
3 180 125 38 41
3 230 175 35 35
6 232 126 35 39
1 179 74 39 36
1 130 73 36 36
1 130 123 36 39
1 129 164 34 21
3 180 125 38 40
3 230 176 35 36
6 232 126 35 39
1 179 74 38 36
1 130 73 36 36
1 130 128 37 30
1 129 164 34 21
3 180 125 38 40
3 230 176 35 36
6 232 126 35 39
1 179 74 39 36
1 130 73 36 36
1 130 123 36 39
1 129 166 34 25
3 180 125 38 40
3 230 175 35 35
6 232 126 35 39
1 179 74 39 36
1 130 73 36 36
1 130 125 36 35
1 130 164 37 21
3 180 125 38 40
3 230 175 35 35
6 232 126 35 39
1 179 74 39 36
1 130 73 36 36
1 130 126 37 31
1 129 166 35 25
3 180 125 38 40
3 230 176 35 36
6 232 126 35 39
1 179 74 39 36
1 130 73 36 36
1 130 124 36 38
1 129 164 34 21
3 180 125 39 40
3 230 175 35 35
6 232 126 35 39
1 179 74 39 36
1 130 73 36 36
1 130 125 36 35
1 129 167 34 26
3 180 125 39 40
3 230 175 35 35
6 232 126 35 39
1 179 74 39 36
1 129 73 35 36
1 130 123 36 39
1 130 165 37 22
3 180 125 38 40
3 230 176 35 36
6 232 126 35 39
1 179 73 39 37
1 130 73 36 36
1 129 125 35 36
1 129 164 34 21
3 180 125 39 40
3 230 175 35 35
6 232 126 35 39
1 179 74 39 36
1 130 73 36 36
1 130 123 36 39
1 130 166 37 25
3 180 125 38 40
3 230 175 35 35
6 232 126 35 39
1 179 74 39 36
1 130 73 36 36
1 130 127 37 31
1 130 166 37 24
3 180 125 39 40
3 230 175 35 35
6 232 126 35 39
1 179 74 39 36
1 129 73 35 36
1 130 123 36 40
1 129 169 34 30
3 180 125 39 40
3 230 175 35 35
6 232 126 35 39
1 179 74 39 36
1 130 73 36 36
1 130 125 36 35
1 129 165 34 21
3 180 125 38 40
3 230 175 35 35
6 232 126 35 39
1 179 74 39 36
1 130 73 36 36
1 130 123 36 39
1 130 165 37 23
3 180 125 39 40
3 230 175 35 35
6 232 126 35 39
1 179 73 39 37
1 129 73 35 36
1 130 128 36 29
1 129 165 34 23
3 180 125 38 40
3 230 175 35 35
6 232 126 35 39
1 179 74 39 36
1 130 73 36 36
1 130 123 36 39
1 129 168 34 28
3 180 125 38 40
3 230 176 35 36
6 232 126 35 39
1 179 74 39 36
1 130 73 36 36
1 130 128 36 30
1 129 166 35 24
3 180 125 39 40
3 230 175 35 35
6 232 126 35 39
1 179 74 39 36
1 130 73 36 36
1 130 123 36 39
1 129 165 34 22
3 180 125 38 40
3 230 175 35 35
6 232 126 35 39
1 179 74 39 36
1 130 73 36 36
1 130 124 36 38
1 130 165 37 22
3 180 125 39 40
3 230 175 35 35
6 232 126 35 39
1 179 74 39 36
1 130 73 36 36
1 130 125 36 36
1 129 165 35 22
3 180 125 38 40
3 230 176 35 36
6 232 126 35 39
1 179 74 39 36
1 130 73 36 36
1 130 126 36 34
1 130 166 37 25
3 180 125 39 40
3 230 175 35 35
6 232 126 35 39
1 179 74 39 36
1 130 73 36 36
1 129 126 35 34
1 129 165 35 23
3 180 125 38 41
3 230 175 35 35
6 232 126 35 39
1 179 74 39 36
1 130 73 37 36
1 130 125 37 36
1 129 167 35 27
3 180 125 38 40
3 230 175 35 35
6 232 126 35 39
1 179 74 39 36
1 130 73 36 36
1 130 128 36 29
1 129 166 35 25
3 180 125 38 40
3 230 175 35 35
6 232 126 35 39
1 179 74 39 36
1 130 73 37 36
1 130 124 36 37
1 130 165 37 23
3 180 125 38 40
3 230 176 35 36
6 232 126 35 39
1 179 74 39 36
1 129 73 35 36
1 130 127 37 31
1 130 166 37 25
3 180 125 38 40
3 230 175 35 35
6 232 126 35 39
1 179 74 39 36
1 130 73 36 36
1 130 123 36 40
1 130 166 37 24
3 180 125 39 40
3 230 176 35 36
6 232 126 35 39
1 179 74 39 36
1 130 73 36 36
1 130 125 37 35
1 130 168 37 29
3 180 125 39 40
3 230 175 35 35
6 232 126 35 39
1 179 74 39 36
1 130 73 37 36
1 130 123 37 39
1 129 164 35 21
3 180 125 38 41
3 230 175 35 35
6 232 126 35 39
1 179 74 39 36
1 130 73 36 36
1 130 127 36 31
1 129 163 34 19
3 180 125 38 40
3 230 176 35 36
6 232 126 35 39
1 179 74 39 36
1 130 73 36 36
1 130 123 36 39
1 129 167 34 26
3 180 125 38 40
3 230 175 35 35
6 232 126 35 39
1 179 74 39 36
1 130 73 36 36
1 130 127 36 31
1 129 167 34 26
3 180 125 39 40
3 230 175 35 35
6 232 126 35 39
1 179 74 39 36
1 130 73 37 36
1 130 124 36 37
1 130 166 37 24
3 180 125 39 40
3 230 175 35 35
6 232 126 35 39
1 179 74 39 36
1 130 73 36 36
1 130 125 36 36
1 130 165 37 22
3 180 125 39 40
3 230 176 35 36
6 232 126 35 39
1 179 74 38 36
1 130 73 36 36
1 130 125 36 35
1 129 167 34 26
3 180 125 39 40
3 230 175 35 35
6 232 126 35 39
1 179 74 39 36
1 130 73 36 36
1 130 123 36 39
1 130 165 37 22
3 180 125 38 40
3 230 175 35 35
6 232 126 35 39
1 179 74 39 36
1 130 73 36 36
1 130 125 37 35
1 130 167 37 27
3 180 125 39 40
3 230 176 35 36
6 232 126 35 39
1 179 74 39 36
1 130 73 36 36
1 130 123 36 38
1 129 165 34 23
3 180 125 38 40
3 230 175 35 35
6 232 126 35 39
1 179 74 39 36
1 130 73 36 36
1 129 126 35 33
1 130 165 37 22
3 180 125 38 40
3 230 175 35 35
6 232 126 35 39
1 179 74 39 36
1 130 73 36 36
1 130 124 37 37
1 130 164 37 21
3 180 125 38 40
3 230 176 35 36
6 232 126 35 39
1 179 74 39 36
1 130 73 36 36
1 129 126 35 33
1 129 165 34 22
3 180 125 38 40
3 230 175 35 35
6 232 126 35 39
1 179 74 39 36
1 130 73 36 36
1 130 123 36 39
1 130 167 37 26
3 180 125 39 40
3 230 175 35 35
6 232 126 35 39
1 179 74 39 36
1 130 73 36 36
1 129 126 35 33
1 129 165 34 22
3 180 125 39 40
3 230 175 35 35
6 232 126 35 39
1 179 74 39 36
1 130 73 36 36
1 129 123 34 39
1 130 168 37 28
3 180 125 39 40
3 230 175 35 35
6 232 126 35 39
1 179 74 39 36
1 130 73 36 36
1 130 125 36 35
1 130 164 37 21
3 180 125 38 40
3 230 175 35 35
6 232 126 35 39
1 180 74 40 36
1 130 73 37 36
1 130 126 36 33
1 129 165 34 23
3 180 125 38 40
3 230 175 35 35
6 232 126 35 39
1 179 74 39 36
1 130 73 37 36
1 130 127 36 31
1 130 166 37 25
3 180 125 39 40
3 230 176 35 36
6 232 126 35 39
1 179 74 39 36
1 130 73 36 36
1 130 123 36 39
1 129 165 34 22
3 180 125 39 40
3 231 175 34 35
6 232 126 35 39
1 179 74 38 36
1 130 73 37 36
1 129 126 35 33
1 129 167 34 26
3 180 125 38 40
3 230 175 35 35
6 232 126 35 39
1 179 74 39 36
1 130 73 36 36
1 129 126 35 33
1 129 167 35 26
3 180 124 39 41
3 230 175 35 35
6 232 126 35 39
1 179 74 39 36
1 130 73 36 36
1 130 123 36 39
1 129 166 34 24
3 180 125 39 40
3 230 175 35 36
6 232 126 35 39
1 179 74 39 36
1 130 73 37 36
1 130 123 36 39
1 129 165 34 23
3 180 125 39 40
3 230 176 35 36
6 232 126 35 39
1 179 74 39 36
1 130 73 36 36
1 130 123 37 39
1 129 164 35 21
3 180 125 38 40
3 230 176 35 36
6 232 126 35 39
1 179 74 39 36
1 130 73 37 36
1 129 125 35 35
1 130 167 37 27
3 180 125 38 40
3 230 175 35 35
6 232 126 35 39
1 179 74 39 36
1 130 73 36 36
1 130 123 37 39
1 129 167 34 26
3 180 125 38 40
3 230 176 35 36
6 232 126 35 39
1 179 74 39 36
1 130 73 36 36
1 130 124 36 38
1 129 165 34 22
3 180 125 39 41
3 230 176 35 36
6 232 126 35 39
1 179 74 39 36
1 130 73 37 36
1 130 123 36 39
1 129 166 34 25
3 180 125 39 40
3 230 175 35 35
6 232 126 35 39
1 179 74 39 36
1 130 73 36 36
1 129 126 35 34
1 130 164 37 21
3 180 125 39 40
3 230 176 35 36
6 232 126 35 39
1 179 74 39 36
1 130 73 36 36
1 130 123 36 39
1 129 167 34 26
3 180 125 38 40
3 230 175 35 35
6 232 126 35 39
1 179 74 39 36
1 130 73 36 36
1 130 128 36 29
1 129 165 34 23
3 180 125 39 40
3 230 175 35 36
6 232 126 35 39
1 179 74 39 36
1 130 73 36 36
1 130 123 36 39
1 129 165 34 23
3 180 125 39 40
3 230 175 35 36
6 232 126 35 39
1 179 74 39 36
1 130 73 37 36
1 130 125 36 35
1 129 167 34 26
3 180 125 39 40
3 230 176 35 36
6 232 126 35 39
1 179 74 39 36
1 130 73 36 36
1 129 125 35 36
1 129 164 34 21
3 180 125 39 40
3 230 175 35 35
6 232 126 35 39
1 179 74 39 36
1 130 73 36 36
1 129 125 35 34
1 129 168 34 28
3 180 125 39 40
3 230 175 35 35
6 232 126 35 39
1 179 74 39 36
1 130 73 36 36
1 130 125 36 35
1 129 168 34 26
3 180 125 38 40
3 230 176 35 36
6 232 126 35 39
1 179 74 39 36
1 130 73 36 36
1 130 126 37 33
1 129 169 35 30
3 180 125 39 40
3 230 176 35 36
6 232 126 35 39
1 179 74 39 36
1 130 73 36 36
1 130 124 36 38
1 130 165 37 22
3 180 125 38 40
3 230 175 35 35
6 232 126 35 39
1 179 74 39 36
1 130 73 37 36
1 130 123 36 39
1 129 165 34 22
3 180 125 39 40
3 230 175 35 35
6 232 126 35 39
1 179 74 39 36
1 130 73 36 36
1 129 125 35 35
1 130 165 37 22
3 180 125 38 40
3 230 175 35 35
6 232 126 35 39
1 179 74 39 36
1 130 73 36 36
1 129 125 35 36
1 129 165 35 23
3 180 125 39 40
3 230 175 35 37
6 232 126 35 39
1 179 74 39 36
1 130 73 36 36
1 130 125 37 35
1 130 169 37 30
3 180 125 39 40
3 230 176 35 36
6 232 126 35 39
1 179 74 39 36
1 130 73 36 36
1 130 123 36 39
1 129 168 34 29
3 180 124 38 41
3 230 176 35 36
6 232 126 35 39
1 179 74 39 36
1 130 73 36 36
1 130 126 36 34
1 129 164 34 21
3 180 125 39 41
3 230 176 35 36
6 232 126 35 39
1 179 74 39 36
1 130 73 36 36
1 130 125 36 36
1 129 168 34 29
3 180 125 38 40
3 230 175 35 35
6 232 126 35 39
1 179 74 39 36
1 130 73 36 36
1 130 123 36 39
1 130 164 37 21
3 180 125 38 40
3 230 175 35 36
6 232 126 35 39
1 179 74 39 36
1 130 73 36 36
1 130 123 37 39
1 129 167 34 26
3 180 125 39 40
3 230 176 35 36
6 232 126 35 39
1 179 74 39 36
1 130 73 36 36
1 130 126 36 34
1 130 167 37 27
3 180 125 39 40
3 230 176 35 36
6 232 126 35 39
1 179 73 39 37
1 130 73 36 36
1 130 123 36 39
1 130 164 36 21
3 180 125 38 40
3 230 175 34 35
6 232 126 35 39
1 179 74 39 36
1 130 73 36 36
1 130 125 36 35
1 129 165 34 22
3 180 125 38 40
3 230 175 35 35
6 232 126 35 39
1 179 74 39 36
1 130 73 36 36
1 130 125 36 36
1 129 164 34 21
3 180 125 38 40
3 230 175 35 35
6 232 126 35 39
1 179 74 39 36
1 129 73 35 36
1 130 125 36 35
1 129 168 34 28
3 180 125 39 40
3 231 175 36 35
6 232 126 35 39
1 179 74 39 36
1 130 73 36 36
1 129 123 35 39
1 128 167 33 26
3 180 125 39 41
3 230 175 35 35
6 232 126 35 39
1 179 74 39 36
1 130 73 36 36
1 130 124 36 38
1 129 164 35 21
3 180 125 38 40
3 230 176 35 36
6 232 126 35 39
1 179 74 39 36
1 130 73 36 36
1 130 125 37 35
1 129 167 34 27
3 180 125 39 40
3 230 175 35 35
6 232 126 35 39
1 179 74 39 36
1 130 73 37 36
1 130 123 36 40
1 129 166 35 24
3 180 125 38 40
3 230 175 35 35
6 233 126 36 39
1 179 74 39 36
1 130 73 36 36
1 129 128 35 29
1 129 167 34 26
3 180 125 38 40
3 230 175 35 36
6 232 126 35 39
1 179 74 39 36
1 130 73 36 36
1 130 123 37 40
1 130 168 37 29
3 180 125 39 40
3 230 175 35 36
6 232 126 35 39
1 179 74 39 36
1 130 73 36 36
1 130 128 36 30
1 130 166 37 25
3 180 125 39 40
3 230 175 35 35
6 232 126 35 39
1 179 74 38 36
1 130 73 36 36
1 130 123 36 40
1 129 164 34 20
3 180 125 39 40
3 230 176 35 36
6 232 126 35 39
1 179 74 39 36
1 130 73 37 36
1 130 128 36 29
1 129 167 35 27
3 180 125 39 40
3 230 175 35 35
6 232 126 35 39
1 179 74 39 36
1 130 73 36 36
1 130 123 36 40
1 129 167 34 26
3 180 125 38 40
3 230 175 35 35
6 232 126 35 39
1 179 74 39 36
1 130 73 37 36
1 130 125 36 36
1 129 164 34 21
3 180 125 39 40
3 230 175 35 37
6 232 126 35 39
1 179 74 39 36
1 130 73 36 36
1 130 123 36 40
1 129 165 34 23
3 180 125 39 40
3 230 176 35 36
6 232 126 35 39
1 179 74 39 36
1 129 73 35 36
1 129 125 35 35
1 129 166 34 24
3 180 125 39 40
3 230 175 35 35
6 232 126 35 39
1 179 74 39 36
1 130 73 36 36
1 129 126 35 34
1 129 165 34 22
3 180 125 39 40
3 230 175 35 35
6 233 126 36 39
1 179 74 39 36
1 130 73 36 36
1 130 123 36 39
1 129 167 34 26
3 180 125 38 40
3 230 175 35 35
6 232 126 35 39
1 179 74 39 36
1 130 73 36 36
1 130 125 36 35
1 130 166 37 25
3 180 125 39 40
3 230 176 35 36
6 232 126 35 39
1 179 74 39 36
1 130 73 36 36
1 130 124 36 37
1 129 165 34 22
3 180 125 38 40
3 230 176 35 36
6 232 126 35 39
1 179 73 39 37
1 130 73 36 36
1 130 125 36 35
1 129 167 34 26
3 180 125 39 40
3 230 175 35 36
6 232 126 35 39
1 179 74 39 36
1 130 73 36 36
1 129 123 35 39
1 130 169 37 30
3 180 125 39 40
3 230 175 35 35
6 232 126 35 39
1 179 74 39 36
1 130 73 36 36
1 129 127 35 31
1 130 166 37 24
3 180 125 39 40
3 230 175 35 35
6 232 126 35 39
1 179 74 39 36
1 130 73 36 36
1 130 123 36 38
1 129 165 34 22
3 180 125 38 40
3 230 176 35 36
6 232 126 35 39
1 179 74 39 36
1 130 73 36 36
1 130 125 36 35
1 129 168 34 28
3 180 125 39 40
3 230 176 35 36
6 232 126 35 39
1 179 74 39 36
1 129 73 35 36
1 129 124 35 38
1 129 168 35 28
3 180 125 39 41
3 230 175 35 35
6 232 126 35 39
1 180 74 40 36
1 130 73 36 36
1 130 128 36 30
1 129 164 34 21
3 180 125 38 40
3 230 175 35 35
6 232 126 35 39
1 179 74 39 36
1 130 73 36 36
1 130 125 36 36
1 129 165 35 22
3 180 125 39 40
3 230 176 35 36
6 232 126 35 39
1 179 74 39 36
1 130 73 36 36
1 130 125 36 36
1 129 167 34 27
3 180 125 38 41
3 230 175 35 35
6 232 126 35 39
1 179 74 39 36
1 130 73 36 36
1 130 125 37 35
1 130 164 37 21
3 180 125 39 40
3 230 176 35 36
6 232 126 35 39
1 179 74 39 36
1 130 73 36 36
1 130 125 37 36
1 130 164 37 21
3 180 125 38 40
3 230 175 35 35
6 232 126 35 39
1 179 74 39 36
1 130 73 36 36
1 129 125 35 35
1 129 165 34 22
3 180 125 39 40
3 230 175 35 35
6 232 126 35 39
1 179 74 39 36
1 130 73 36 36
1 130 123 36 38
1 129 164 34 21
3 180 125 38 40
3 230 176 35 36
6 232 126 35 39
1 179 74 39 36
1 130 73 36 36
1 129 123 35 39
1 129 164 34 21
3 180 125 38 40
3 230 175 35 35
6 232 126 35 39
1 179 74 39 36
1 130 73 36 36
1 130 125 36 36
1 130 167 37 26
3 180 125 39 40
3 230 175 35 35
6 232 126 35 39
1 179 74 39 36
1 129 73 35 36
1 130 125 37 35
1 129 165 34 22
3 180 125 39 40
3 230 176 35 36
6 232 126 35 39
1 179 74 39 36
1 130 73 36 36
1 129 124 35 35
1 129 167 35 27
3 180 125 39 40
3 230 175 35 35
6 232 126 35 39
1 179 74 39 36
1 130 73 37 36
1 130 125 36 36
1 129 164 34 21
3 180 125 39 40
3 230 176 35 36
6 232 126 35 39
1 179 74 39 36
1 130 73 36 36
1 130 125 36 35
1 130 166 37 25
3 180 125 38 40
3 230 176 35 36
6 232 126 35 39
1 179 74 39 36
1 130 73 36 36
1 130 125 37 36
1 129 166 34 25
3 180 125 39 40
3 230 175 35 35
6 232 126 35 39
1 179 74 39 36
1 130 73 36 36
1 131 123 38 39
1 130 165 37 22
3 180 125 38 40
3 230 175 35 35
6 232 126 35 39
1 179 74 39 36
