1 166 110 41 41
1 114 108 36 40
1 117 60 36 33
1 218 123 34 16
1 220 99 27 5
3 113 157 34 37
4 164 60 39 35
4 215 162 37 36
6 164 160 40 37
6 216 62 36 37
1 166 110 41 41
1 113 108 35 40
1 117 60 36 33
1 217 117 37 30
3 113 157 34 39
4 164 60 38 35
4 215 162 37 36
6 163 160 39 37
6 216 62 36 37
1 166 110 41 41
1 113 108 35 40
1 117 60 36 33
1 216 100 33 12
1 217 126 35 9
3 113 157 35 37
4 164 60 39 35
4 215 162 36 36
6 163 160 39 37
6 216 62 36 37
1 166 110 41 41
1 113 108 35 40
1 117 60 36 33
1 217 113 36 37
3 113 158 34 38
4 164 60 38 35
4 215 162 37 36
6 163 160 39 37
6 215 62 35 37
1 166 110 41 41
1 113 108 35 40
1 117 60 36 33
1 218 112 32 36
3 113 158 34 38
4 164 60 38 34
4 215 162 37 36
6 164 160 40 37
6 215 63 37 36
1 166 110 41 41
1 113 108 35 40
1 117 60 36 34
1 216 114 35 36
3 113 158 34 38
4 164 60 39 34
4 215 162 37 36
6 164 160 40 37
6 216 62 36 37
1 166 110 41 41
1 113 108 35 40
1 117 60 36 33
1 217 112 36 37
3 113 158 34 38
4 164 60 39 35
4 215 162 37 36
6 163 160 39 37
6 215 62 37 37
1 166 110 41 41
1 113 108 35 40
1 117 60 36 33
1 216 122 35 20
1 228 95 11 3
3 113 158 34 38
4 164 60 39 34
4 215 162 37 36
6 164 160 40 37
6 215 62 35 37
1 166 110 41 41
1 114 108 36 40
1 117 60 36 33
1 216 103 35 19
1 217 127 34 9
3 113 158 34 38
4 164 60 39 35
4 215 162 37 36
6 164 160 40 37
6 215 63 37 36
1 166 110 41 41
1 113 108 35 40
1 117 60 36 33
1 217 121 37 22
1 207 97 13 7
3 113 158 34 38
4 164 60 39 35
4 215 162 37 36
6 163 160 39 37
6 215 62 35 37
1 166 110 41 41
1 113 108 35 40
1 117 60 36 34
1 217 112 36 37
3 113 158 34 38
4 164 60 39 35
4 215 162 37 36
6 163 160 39 37
6 215 62 37 37
1 166 110 41 41
1 114 108 37 40
1 117 60 36 33
1 216 121 35 21
1 206 97 9 2
3 113 158 34 38
4 164 60 38 34
4 215 162 37 36
6 163 160 39 37
6 215 62 37 37
1 166 110 41 41
1 113 108 35 40
1 117 60 36 33
1 217 112 37 37
3 113 158 34 38
4 164 60 39 35
4 215 162 37 36
6 164 160 40 37
6 215 62 37 37
1 166 110 41 41
1 114 108 36 40
1 117 60 35 33
1 216 126 35 12
1 205 96 7 5
1 230 97 5 4
3 113 158 34 38
4 164 60 38 35
4 215 162 37 36
6 163 160 39 37
6 216 62 36 37
1 166 110 41 41
1 114 108 36 40
1 117 60 36 34
1 217 113 36 38
3 113 158 35 38
4 164 60 39 34
4 215 162 37 36
6 164 160 40 37
6 216 62 36 37
1 166 110 41 40
1 113 108 35 40
1 117 60 36 34
1 216 124 35 13
1 217 97 34 4
3 113 157 34 38
4 164 60 39 35
4 214 162 37 36
6 164 160 40 37
6 215 62 37 37
1 166 110 41 41
1 113 108 35 40
1 117 60 36 34
1 217 113 36 38
3 113 158 34 38
4 164 60 39 35
4 215 162 36 36
6 163 160 39 37
6 216 63 36 36
1 166 110 41 41
1 113 108 35 40
1 117 60 36 34
1 205 116 12 6
1 221 98 30 8
1 218 129 6 5
3 113 157 34 39
4 164 60 38 35
4 215 162 37 36
6 163 160 39 37
6 216 62 36 37
1 166 110 41 41
1 114 108 36 40
1 117 60 35 34
1 217 119 36 23
1 224 97 15 5
3 113 158 34 38
4 164 60 38 35
4 215 162 37 36
6 163 160 39 37
6 216 62 36 37
1 165 110 39 41
1 114 108 36 40
1 117 60 36 33
1 216 112 35 37
3 113 157 34 39
4 164 60 39 35
4 215 162 36 36
6 163 160 39 37
6 216 62 36 37
1 166 110 41 41
1 113 108 35 40
1 117 60 36 33
1 217 114 36 36
3 113 158 34 38
4 164 60 39 35
4 215 162 37 36
6 163 160 39 37
6 215 62 37 37
1 166 110 41 41
1 114 108 36 40
1 117 60 36 33
1 217 112 35 37
3 113 158 34 38
4 164 60 39 35
4 215 162 38 36
6 163 160 39 37
6 215 62 37 37
1 165 110 39 41
1 114 108 36 40
1 117 60 36 34
1 217 122 36 20
1 210 99 18 6
3 113 158 34 38
4 164 60 38 35
4 215 162 37 36
6 164 160 40 37
6 215 62 37 37
1 166 110 41 41
1 113 108 35 40
1 117 60 36 33
1 217 112 36 37
3 113 158 35 38
4 164 60 39 35
4 215 162 36 36
6 163 160 39 37
6 216 62 36 37
1 166 110 41 41
1 114 108 36 40
1 117 60 36 34
1 216 114 35 36
3 113 158 35 38
4 164 60 39 35
4 215 162 38 36
6 164 160 40 37
6 215 62 37 37
1 166 110 41 41
1 113 108 35 40
1 117 60 36 34
1 217 106 36 27
3 113 157 34 39
4 164 60 38 35
4 215 162 36 36
6 164 160 40 37
6 216 62 36 37
1 166 110 41 40
1 114 108 36 40
1 117 60 36 33
1 217 123 36 18
1 210 98 12 4
3 113 158 35 38
4 164 60 39 35
4 215 162 36 36
6 163 160 39 37
6 216 62 36 37
1 165 110 39 41
1 113 108 35 40
1 117 60 35 33
1 217 113 36 36
3 113 158 34 38
4 164 60 39 35
4 215 162 37 36
6 164 160 40 37
6 215 62 37 37
1 165 110 39 41
1 114 107 36 39
1 117 60 36 33
1 217 126 36 12
1 229 97 9 3
3 113 158 34 38
4 164 60 39 35
4 215 162 36 36
6 164 160 40 37
6 215 63 37 36
1 166 110 41 41
1 113 108 35 40
1 117 60 36 33
1 217 113 36 38
3 113 158 34 38
4 164 60 39 35
4 215 162 37 36
6 164 160 40 37
6 215 62 35 37
1 166 110 41 41
1 113 108 35 40
1 117 60 36 33
1 217 127 34 8
1 206 98 7 6
1 224 111 10 2
3 113 158 34 38
4 164 60 39 35
4 215 162 37 36
6 163 160 39 37
6 215 62 37 37
1 166 110 41 41
1 113 108 35 40
1 117 60 36 33
1 217 113 36 37
3 113 157 34 37
4 164 60 39 35
4 215 162 37 36
6 163 160 39 37
6 215 62 35 37
1 166 110 41 41
1 114 108 37 40
1 117 60 36 34
1 215 126 33 9
1 217 97 34 7
3 113 158 34 38
4 164 60 39 35
4 215 162 37 36
6 163 160 39 37
6 216 63 36 36
1 166 110 41 41
1 113 108 35 40
1 117 60 36 34
1 217 117 36 30
3 113 157 34 37
4 164 60 39 35
4 215 162 37 36
6 164 160 40 37
6 215 62 37 37
1 166 110 41 41
1 113 108 35 40
1 117 60 36 33
1 215 112 33 33
3 113 158 34 38
4 164 60 39 35
4 215 162 37 36
6 163 160 39 37
6 216 62 36 37
1 166 110 41 41
1 113 108 35 40
1 117 60 36 33
1 216 122 35 20
1 225 99 17 6
3 113 158 34 38
4 164 60 39 35
4 215 162 37 36
6 163 160 39 37
6 216 62 36 37
1 166 110 41 41
1 113 108 35 40
1 117 60 35 33
1 216 104 35 21
1 206 127 14 8
1 230 130 6 4
3 113 158 34 38
4 164 60 38 34
4 215 162 36 36
6 163 160 39 37
6 216 62 36 37
1 166 110 41 41
1 114 108 36 40
1 117 60 36 33
1 216 122 35 19
3 113 158 34 38
4 164 60 38 35
4 215 162 37 36
6 163 160 39 37
6 216 62 36 37
1 166 110 41 41
1 113 108 35 40
1 117 60 36 33
1 216 112 35 36
3 113 157 34 39
4 164 60 38 35
4 215 162 37 36
6 163 160 39 37
6 216 62 36 37
1 165 110 39 41
1 113 108 35 40
1 117 60 36 34
1 216 121 35 19
3 113 158 34 38
4 164 60 38 35
4 215 162 37 36
6 164 160 40 37
6 215 62 37 37
1 166 110 41 41
1 113 108 35 40
1 117 60 36 33
1 217 112 36 37
3 113 158 34 38
4 164 60 39 35
4 215 162 37 36
6 163 160 39 37
6 216 62 36 37
1 166 110 41 41
1 114 108 36 40
1 117 60 36 33
1 216 125 35 11
1 205 97 7 4
3 113 157 34 39
4 164 60 39 35
4 215 162 37 36
6 163 160 39 37
6 215 62 37 37
1 166 110 41 41
1 114 108 37 40
1 117 60 36 33
1 217 110 36 33
3 113 158 34 38
4 164 60 39 34
4 215 162 37 36
6 164 160 40 37
6 215 63 37 36
1 166 110 41 41
1 114 108 36 40
1 117 60 36 33
1 218 127 34 9
1 205 95 9 3
3 113 158 34 38
4 164 60 38 35
4 215 162 37 36
6 163 160 41 37
6 216 62 36 37
1 165 110 39 41
1 114 108 37 40
1 117 60 36 34
1 217 121 36 22
3 113 157 34 37
4 164 60 39 36
4 215 162 36 36
6 164 160 40 37
6 216 62 36 37
1 165 110 39 41
1 114 108 37 40
1 117 60 36 33
1 216 121 33 19
1 212 97 18 6
3 113 157 34 37
4 164 60 39 35
4 215 162 37 36
6 163 160 39 37
6 215 62 37 37
1 166 110 41 41
1 113 108 35 40
1 117 60 36 34
1 217 122 36 20
1 210 98 15 8
3 113 158 34 38
4 164 60 39 35
4 215 162 37 36
6 164 160 40 37
6 215 62 35 37
1 166 110 41 41
1 113 108 35 40
1 117 60 36 33
1 218 100 32 13
1 215 127 33 4
3 113 158 34 38
4 164 60 39 35
4 214 162 37 36
6 163 160 39 37
6 215 62 35 37
1 166 110 41 41
1 114 108 36 40
1 117 60 36 34
1 217 113 36 38
3 113 158 34 38
4 164 60 39 35
4 215 162 37 36
6 163 160 39 37
6 215 62 37 37
1 166 110 41 41
1 113 108 35 40
1 117 60 36 33
1 216 100 33 13
1 217 123 34 15
3 113 158 34 38
4 165 60 38 35
4 215 162 37 36
6 163 160 39 37
6 215 63 37 36
1 166 110 41 41
1 114 108 37 40
1 117 60 36 34
1 216 113 35 37
3 113 158 35 38
4 164 60 38 35
4 215 162 37 36
6 164 160 40 37
6 215 62 37 37
1 165 110 39 41
1 113 108 35 40
1 117 60 36 33
1 217 105 35 23
1 229 128 7 6
1 205 126 12 3
3 113 158 34 38
4 164 60 38 35
4 215 162 36 36
6 164 160 40 37
6 215 62 37 37
1 166 110 41 41
1 114 108 36 40
1 117 60 36 34
1 216 121 35 22
3 113 158 34 38
4 164 60 39 35
4 215 162 37 36
6 163 160 39 37
6 216 62 36 37
1 166 110 41 41
1 114 108 36 40
1 117 60 35 33
1 217 112 37 37
3 113 158 34 38
4 164 60 39 34
4 215 162 37 36
6 164 160 40 37
6 215 62 37 37
1 166 110 41 40
1 113 108 35 40
1 117 60 36 34
1 216 116 35 32
3 113 157 34 39
4 164 59 39 35
4 215 162 37 36
6 164 160 40 37
6 216 62 36 37
1 165 110 39 41
1 113 108 35 40
1 117 60 36 34
1 216 105 35 23
1 217 128 33 6
3 113 158 34 38
4 164 60 39 34
4 215 162 37 36
6 163 160 39 37
6 215 62 35 37
1 166 110 41 41
1 114 108 36 40
1 117 60 36 33
1 216 124 35 15
1 230 96 7 2
3 113 158 34 38
4 164 60 39 35
4 215 162 37 36
6 164 160 40 37
6 216 62 36 37
1 166 110 41 41
1 114 108 36 40
1 117 60 35 33
1 217 101 36 15
1 224 124 19 13
3 113 158 34 38
4 164 60 39 35
4 215 162 37 36
6 164 160 40 37
6 215 62 35 37
1 165 110 39 41
1 114 108 36 40
1 117 60 36 34
1 217 123 36 18
1 222 97 25 5
3 113 158 35 38
4 164 60 39 35
4 215 162 37 36
6 163 160 39 37
6 215 62 37 37
1 166 110 41 40
1 113 108 35 40
1 117 60 36 34
1 217 113 36 38
3 113 158 34 38
4 164 60 39 35
4 215 162 37 36
6 163 160 39 37
6 215 62 35 37
1 166 110 41 41
1 113 108 35 40
1 117 60 36 33
1 215 127 33 7
1 210 96 16 5
3 113 157 34 39
4 164 60 39 35
4 215 162 37 36
6 164 160 40 37
6 215 62 37 37
1 166 110 41 41
1 113 108 35 40
1 117 60 36 34
1 217 108 36 29
3 113 158 35 38
4 164 60 39 35
4 215 162 36 36
6 163 160 39 37
6 216 62 36 37
1 165 110 39 41
1 114 108 36 40
1 117 60 36 34
1 217 127 34 8
1 217 96 29 4
3 113 158 35 38
4 164 60 38 35
4 215 162 37 36
6 163 160 39 37
6 215 62 37 37
1 166 110 41 41
1 114 108 36 40
1 117 60 36 33
1 216 113 35 37
3 113 158 34 38
4 164 60 39 35
4 215 162 37 36
6 163 160 39 37
6 215 62 37 37
1 166 110 41 41
1 113 108 35 40
1 117 60 36 33
1 217 101 36 14
1 208 127 18 8
3 113 158 34 38
4 164 60 38 34
4 215 162 37 36
6 163 160 39 37
6 216 62 36 37
1 166 110 41 40
1 113 108 35 40
1 117 60 36 34
1 217 115 36 34
3 113 158 34 38
4 164 60 39 35
4 215 162 37 36
6 164 160 40 37
6 216 62 36 37
1 166 110 41 41
1 113 108 35 40
1 117 60 36 33
1 217 101 34 14
1 214 126 30 9
3 113 158 34 38
4 164 60 39 35
4 215 162 36 36
6 164 160 40 37
6 215 62 37 37
1 166 110 41 41
1 114 108 36 40
1 117 60 36 33
1 217 113 36 37
3 113 157 34 37
4 164 60 39 35
4 215 162 37 36
6 163 160 39 37
6 215 62 37 37
1 166 110 41 41
1 113 108 35 40
1 117 60 36 33
1 217 112 36 38
3 113 158 34 38
4 164 60 39 34
4 215 162 37 36
6 164 160 40 37
6 216 62 36 37
1 166 110 41 40
1 113 108 35 40
1 117 60 36 33
1 216 122 35 18
1 205 97 10 4
3 113 158 34 38
4 164 60 38 34
4 215 162 37 36
6 164 160 40 37
6 216 62 36 37
1 166 110 41 41
1 113 107 35 39
1 117 60 36 33
1 217 104 35 22
1 217 127 33 8
3 113 157 34 39
4 164 60 39 35
4 215 162 37 36
6 163 160 39 37
6 216 62 36 37
1 166 110 41 41
1 113 108 35 40
1 117 60 36 34
1 216 124 35 13
1 228 100 11 3
3 113 158 34 38
4 164 60 39 35
4 215 162 37 36
6 164 160 40 37
6 216 62 36 37
1 166 110 41 41
1 113 108 35 40
1 117 60 36 33
1 217 112 36 37
3 113 158 35 38
4 164 60 39 35
4 215 162 37 36
6 163 160 39 37
6 216 62 36 37
1 166 110 41 41
1 113 108 35 40
1 117 60 36 33
1 216 125 35 11
1 211 101 8 7
1 228 100 6 4
3 113 158 34 38
4 164 60 39 34
4 214 162 37 36
6 163 160 39 37
6 215 62 37 37
1 165 110 39 40
1 113 108 35 40
1 117 60 36 33
1 217 113 37 38
3 113 158 34 38
4 164 60 39 35
4 215 162 36 36
6 164 160 40 37
6 215 62 35 37
1 166 110 41 41
1 114 107 36 39
1 117 60 36 34
1 216 126 35 10
1 205 97 9 6
1 225 111 7 2
3 113 158 34 38
4 164 60 38 35
4 214 162 37 36
6 164 160 40 37
6 215 62 35 37
1 166 110 41 41
1 114 108 36 40
1 117 60 36 33
1 217 113 37 38
3 113 158 34 38
4 164 60 39 35
4 215 162 36 36
6 164 160 40 37
6 216 62 36 37
1 165 110 39 40
1 113 108 35 40
1 117 60 36 33
1 205 127 13 7
1 217 97 35 6
1 228 128 11 6
3 113 158 34 38
4 164 60 39 34
4 215 162 36 36
6 163 160 39 37
6 216 62 36 37
1 166 110 41 41
1 113 108 35 40
1 117 60 36 34
1 217 113 36 37
3 113 157 34 39
4 164 60 39 34
4 215 162 37 36
6 163 160 39 37
6 215 62 37 37
1 166 110 41 41
1 113 108 35 40
1 117 60 36 33
1 217 112 35 37
3 113 158 34 38
4 164 60 39 35
4 215 162 37 36
6 164 160 40 37
6 216 62 36 37
1 166 110 41 41
1 113 108 35 40
1 117 60 36 34
1 216 126 35 12
1 219 102 32 15
3 113 157 34 39
4 164 60 39 35
4 215 162 36 36
6 163 160 39 37
6 216 62 36 37
1 166 110 41 41
1 114 108 36 40
1 117 60 36 33
1 217 112 36 37
3 113 158 35 38
4 164 60 39 34
4 215 162 37 36
6 164 160 40 37
6 216 62 36 37
1 166 110 41 41
1 113 108 35 40
1 117 60 36 33
1 217 118 36 28
3 113 158 34 38
4 164 60 38 35
4 215 162 37 36
6 164 160 40 37
6 215 62 37 37
1 166 110 41 41
1 113 108 35 40
1 117 60 36 33
1 216 111 35 35
3 113 158 34 38
4 164 60 38 35
4 215 162 37 36
6 164 160 40 37
6 215 63 35 36
1 166 110 41 41
1 114 108 36 40
1 117 60 36 33
1 217 123 36 18
1 217 99 28 8
3 113 157 34 39
4 164 60 39 35
4 215 162 37 36
6 164 160 40 37
6 216 62 36 37
1 166 110 41 41
1 113 108 35 40
1 117 60 36 33
1 217 113 37 38
3 113 158 34 38
4 164 60 38 35
4 215 162 37 36
6 164 160 40 37
6 216 62 36 37
1 166 110 41 41
1 114 108 36 40
1 117 60 36 33
1 216 122 35 20
3 113 157 34 39
4 164 60 39 35
4 215 162 37 36
6 163 160 39 37
6 216 62 36 37
1 166 110 41 41
1 113 108 35 40
1 117 60 36 33
1 217 112 36 37
3 113 157 34 37
4 164 60 39 35
4 215 162 37 36
6 163 160 39 37
6 216 62 36 37
1 166 110 41 41
1 113 108 35 40
1 117 60 36 34
1 216 122 35 18
1 216 96 28 2
3 113 157 35 37
4 164 60 39 34
4 215 162 37 36
6 164 160 40 37
6 215 62 37 37
1 166 110 41 41
1 113 108 35 40
1 117 60 35 33
1 217 112 36 37
3 113 158 35 38
4 164 60 39 35
4 215 162 36 36
6 164 160 40 37
6 215 62 35 37
1 166 110 41 41
1 114 108 36 40
1 117 60 36 33
1 218 127 32 8
1 217 101 31 12
3 113 158 34 38
4 164 60 39 35
4 215 162 37 36
6 164 160 40 37
6 215 62 36 37
1 166 110 41 41
1 113 108 35 40
1 117 60 36 34
1 217 114 37 35
3 113 158 34 38
4 164 60 39 35
4 215 162 36 36
6 164 160 40 37
6 216 62 36 37
1 165 110 39 41
1 114 108 36 40
1 117 60 36 33
1 217 99 32 11
1 210 126 23 9
3 113 157 34 39
4 164 60 39 35
4 215 162 37 36
6 164 160 40 37
6 215 62 37 37
1 166 110 41 41
1 113 108 35 40
1 117 60 36 34
1 217 113 36 37
3 113 158 34 38
4 164 60 39 35
4 215 162 37 36
6 164 160 40 37
6 215 62 37 37
1 166 110 41 41
1 114 108 36 40
1 117 60 36 34
1 220 111 27 34
3 113 158 34 38
4 164 60 39 35
4 215 162 36 36
6 164 160 40 37
6 216 62 36 37
1 166 110 41 41
1 114 108 37 40
1 117 60 36 33
1 217 115 36 33
3 113 158 34 38
4 164 60 39 35
4 215 162 37 36
6 163 160 39 37
6 215 62 35 37
1 166 110 41 41
1 113 108 35 40
1 117 60 36 33
1 217 105 36 22
1 216 128 35 7
3 113 158 34 38
4 164 60 39 35
4 215 162 37 36
6 164 160 40 37
6 216 63 36 36
1 166 110 41 41
1 113 108 35 40
1 117 60 36 33
1 216 113 35 38
3 113 158 34 38
4 164 60 38 34
4 215 162 37 36
6 164 160 40 37
6 216 62 36 37
1 166 110 41 41
1 114 108 36 40
1 117 60 36 33
1 218 112 36 37
3 113 158 34 38
4 164 60 38 34
4 215 162 36 36
6 163 160 39 37
6 215 62 37 37
1 166 110 41 41
1 113 108 35 40
1 117 60 36 34
1 216 113 35 37
3 113 158 34 38
4 164 60 39 35
4 215 162 37 36
6 163 160 39 37
6 215 62 37 37
1 166 110 41 41
1 113 108 35 40
1 117 60 36 33
1 216 102 35 17
3 113 158 34 38
4 164 60 39 35
4 215 162 36 36
6 163 160 39 37
6 216 62 36 37
1 166 110 41 41
1 113 108 35 40
1 117 60 36 33
1 216 125 35 11
3 113 158 34 38
4 164 60 39 35
4 215 162 37 36
6 164 160 40 37
6 216 62 36 37
1 166 110 41 41
1 114 108 36 40
1 117 60 36 33
1 217 112 36 37
3 113 158 34 38
4 164 60 38 35
4 215 162 37 36
6 164 160 40 37
6 216 62 36 37
1 166 110 41 41
1 113 108 35 40
1 117 60 36 34
1 216 121 35 19
1 207 98 10 6
3 113 158 34 38
4 164 60 39 34
4 215 162 37 36
6 164 160 40 37
6 215 62 37 37
1 166 110 41 41
1 113 107 35 39
1 117 60 36 33
1 217 113 36 38
3 113 158 35 38
4 164 60 39 35
4 215 162 37 36
6 163 160 39 37
6 216 62 36 37
1 166 110 41 41
1 114 108 36 40
1 117 60 36 34
1 209 98 14 5
1 211 125 25 13
3 113 157 34 37
4 164 60 39 35
4 215 162 37 36
6 164 160 40 37
6 216 62 36 37
1 166 110 41 41
1 114 108 37 40
1 117 60 36 33
1 217 113 36 38
3 113 158 34 38
4 164 60 39 34
4 215 162 37 36
6 164 160 40 37
6 216 62 36 37
1 166 110 41 41
1 114 108 37 40
1 117 60 36 33
1 217 99 36 10
1 216 123 35 16
3 113 157 34 38
4 164 60 39 35
4 215 162 37 36
6 163 160 39 37
6 216 62 36 37
1 166 110 41 41
1 114 108 36 40
1 117 60 36 33
1 216 112 35 37
3 113 158 35 38
4 164 60 39 35
4 215 162 38 36
6 164 160 40 37
6 216 62 36 37
1 166 110 41 41
1 114 108 36 40
1 117 60 36 33
1 218 101 34 14
1 206 129 9 4
3 113 158 34 38
4 164 60 39 35
4 215 162 37 36
6 164 160 40 37
6 215 62 37 37
1 166 110 41 41
1 113 108 35 40
1 117 60 36 34
1 217 113 36 38
3 113 158 34 38
4 164 60 38 34
4 215 162 37 36
6 163 160 39 37
6 216 62 36 37
1 166 110 41 41
1 114 108 36 40
1 117 60 36 33
1 218 101 33 14
1 204 128 8 6
1 225 129 18 4
3 113 158 34 38
4 164 60 39 35
4 215 162 36 36
6 164 160 40 37
6 216 63 36 36
1 166 110 41 41
1 113 108 35 40
1 117 60 36 33
1 216 113 35 37
3 113 157 34 39
4 164 60 39 35
4 215 162 38 36
6 164 160 40 37
6 215 62 37 37
1 166 110 41 41
1 114 108 36 40
1 117 60 36 33
1 217 112 37 37
3 113 158 34 38
4 164 60 39 35
4 215 162 36 36
6 164 160 40 37
6 215 62 35 37
1 166 110 41 41
1 114 108 36 40
1 117 60 36 33
1 216 122 35 20
1 209 98 10 6
3 113 158 34 38
4 164 60 39 35
4 215 162 37 36
6 163 160 39 37
6 216 62 36 37
1 166 110 41 40
1 113 108 35 40
1 117 60 36 33
1 217 112 36 38
3 113 158 34 38
4 164 60 39 35
4 215 162 37 36
6 164 160 40 37
6 215 62 35 37
1 166 110 41 41
1 114 108 36 40
1 117 60 36 33
1 216 123 35 18
1 228 96 10 5
3 113 158 34 38
4 164 60 39 35
4 215 162 37 36
6 163 160 39 37
6 215 62 37 37
1 166 110 41 41
1 113 108 35 40
1 117 60 36 33
1 217 102 36 19
3 113 158 34 38
4 164 60 39 34
4 215 162 37 36
6 163 160 39 37
6 215 62 37 37
1 166 110 41 41
1 114 108 36 40
1 117 60 36 33
1 217 122 36 18
1 218 98 32 4
3 113 158 34 38
4 164 60 39 34
4 214 162 37 36
6 163 160 39 37
6 215 62 37 37
1 166 110 41 41
1 113 108 35 40
1 117 60 35 34
1 217 112 36 37
3 113 158 34 38
4 164 60 39 35
4 215 162 37 36
6 163 160 39 37
6 216 62 36 37
1 166 110 41 41
1 113 108 35 40
1 117 60 36 33
1 218 123 32 16
1 227 96 14 5
1 206 95 9 2
3 113 158 34 38
4 164 60 39 35
4 215 162 37 36
6 164 160 40 37
6 215 62 37 37
1 166 110 41 41
1 113 108 35 40
1 117 60 36 34
1 217 113 36 38
3 113 158 34 38
4 164 60 39 35
4 215 162 37 36
6 163 160 39 37
6 215 62 37 37
1 166 110 41 41
1 113 108 35 40
1 117 60 36 34
1 217 122 29 18
1 218 97 32 6
3 113 157 34 39
4 164 60 39 35
4 215 162 37 36
6 164 160 40 37
6 216 62 36 37
1 166 110 41 41
1 113 108 35 40
1 117 60 36 33
1 217 119 36 26
3 113 157 34 39
4 164 60 38 34
4 215 162 37 36
6 164 160 40 37
6 216 62 36 37
1 166 110 41 41
1 113 108 35 40
1 117 60 36 33
1 216 99 35 11
1 215 122 33 17
3 113 158 34 38
4 164 60 39 35
4 215 162 36 36
6 164 160 40 37
6 216 62 36 37
1 166 110 41 41
1 113 108 35 40
1 117 60 36 33
1 216 119 35 25
1 208 96 14 4
3 113 158 35 38
4 164 60 38 34
4 215 162 37 36
6 163 160 39 37
6 216 62 36 37
1 166 110 41 41
1 113 108 35 40
1 117 60 36 33
1 217 99 36 11
1 202 115 7 4
1 206 126 10 3
3 113 158 34 38
4 164 60 39 35
4 215 162 38 36
6 164 160 40 37
6 215 62 37 37
1 166 110 41 41
1 114 108 36 40
1 117 60 36 34
1 216 121 35 21
1 228 97 11 2
1 213 101 7 4
3 113 158 34 38
4 164 60 38 35
4 215 162 37 36
6 164 160 40 37
6 216 62 36 37
1 166 110 41 41
1 114 108 36 40
1 117 60 36 34
1 217 104 36 20
1 217 128 27 5
3 113 157 34 39
4 164 60 38 34
4 215 162 37 36
6 163 160 39 37
6 215 62 35 37
1 166 110 41 41
1 114 108 36 40
1 117 60 36 34
1 216 122 35 20
3 113 157 34 39
4 164 60 39 34
4 215 162 37 36
6 163 160 39 37
6 216 62 36 37
1 166 110 41 41
1 113 108 35 40
1 117 60 36 34
1 216 112 35 37
3 113 158 34 38
4 164 60 39 35
4 215 162 37 36
6 164 160 40 37
6 216 62 36 37
1 166 110 41 40
1 114 108 36 40
1 117 60 36 34
1 216 114 35 35
3 113 158 34 38
4 164 60 39 34
4 215 162 37 36
6 164 160 40 37
6 216 62 36 37
1 166 110 41 41
1 113 108 35 40
1 117 60 36 33
1 217 106 37 25
3 113 158 34 38
4 164 60 39 34
4 215 162 37 36
6 164 160 40 37
6 216 62 36 37
1 166 110 41 41
1 113 108 35 40
1 117 60 36 33
1 217 127 36 8
1 226 96 10 2
1 208 96 10 2
3 113 157 34 37
4 164 60 39 35
4 215 162 37 36
6 164 160 40 37
6 215 62 37 37
1 166 110 41 40
1 113 108 35 40
1 117 60 36 33
