2 162 48 42 40
2 213 47 42 39
2 217 151 42 44
2 164 153 46 43
2 111 51 38 40
2 111 155 41 40
3 162 99 42 44
3 215 98 43 45
3 110 103 37 42
5 17 3 35 7
2 162 48 42 40
2 163 153 45 43
2 212 47 41 39
2 217 151 42 44
2 111 51 39 40
2 112 155 42 40
3 162 98 42 44
3 215 99 43 44
3 111 102 38 43
5 5 6 11 3
2 162 48 42 40
2 212 47 41 39
2 217 151 42 44
2 111 51 38 40
2 163 153 45 43
2 112 146 42 23
3 162 98 42 45
3 215 99 43 44
3 110 103 37 42
5 4 12 8 2
2 161 48 41 40
2 212 47 41 39
2 164 153 46 43
2 217 151 42 44
2 111 51 39 40
2 112 162 42 26
3 162 99 42 44
3 215 98 43 45
3 111 103 38 42
5 15 9 30 12
2 162 48 42 40
2 212 47 41 39
2 217 151 42 44
2 111 51 39 40
2 163 153 45 43
2 112 155 42 40
3 162 99 42 44
3 215 98 43 45
3 111 102 38 43
5 19 7 38 6
2 162 48 42 40
2 212 47 41 38
2 217 151 42 44
2 163 153 45 43
2 111 51 39 39
2 112 155 42 40
3 162 99 42 44
3 215 98 43 45
3 110 103 37 42
5 4 190 9 4
5 29 5 15 3
2 162 48 42 40
2 212 47 41 39
2 217 151 42 44
2 163 153 45 43
2 111 51 39 40
2 111 155 41 40
3 162 98 42 45
3 215 99 43 44
3 110 103 37 42
5 33 2 8 5
5 7 9 15 10
2 162 48 42 40
2 213 47 42 39
2 217 151 42 44
2 111 51 39 40
2 163 153 45 43
2 112 163 39 23
3 162 98 42 45
3 215 99 43 44
3 111 103 38 42
5 15 3 30 7
2 162 48 42 40
2 212 47 41 39
2 217 151 42 44
2 163 153 45 43
2 111 51 38 40
2 111 154 40 39
3 162 98 42 45
3 215 98 43 45
3 110 103 37 42
5 10 5 14 4
2 162 48 42 40
2 213 47 42 39
2 217 151 42 44
2 111 51 39 40
2 163 153 45 43
2 112 147 42 24
3 162 98 42 45
3 215 98 43 45
3 111 102 38 43
5 8 2 13 4
5 34 2 7 4
2 162 48 42 40
2 212 47 41 39
2 163 153 45 43
2 217 151 42 44
2 111 51 38 40
2 112 149 42 29
2 128 174 7 2
3 162 98 42 44
3 215 99 43 44
3 111 103 38 42
5 14 2 12 4
2 161 48 41 40
2 212 47 41 39
2 164 153 46 43
2 217 151 42 44
2 111 51 39 40
2 112 155 42 40
3 162 99 42 44
3 215 98 43 45
3 111 102 38 43
2 162 48 42 40
2 212 47 41 39
2 217 151 42 44
2 164 153 46 43
2 111 51 39 40
2 111 155 41 40
3 162 98 42 45
3 215 99 43 44
3 110 102 37 43
5 7 2 12 4
5 26 5 10 4
2 162 48 42 40
2 212 47 41 39
2 217 151 42 44
2 111 51 38 40
2 163 153 44 43
2 111 155 40 40
3 162 98 42 45
3 215 98 43 45
3 111 103 38 42
5 9 2 16 5
5 33 2 8 5
2 162 48 42 40
2 217 151 42 44
2 163 153 45 43
2 212 47 41 38
2 111 51 39 40
2 111 155 41 40
3 162 99 42 44
3 216 99 42 44
3 110 103 37 42
5 20 7 40 6
2 162 48 42 40
2 213 47 42 39
2 217 151 42 44
2 164 153 46 43
2 111 51 39 39
2 112 155 42 40
3 162 98 42 45
3 215 98 43 45
3 110 103 37 42
5 13 2 12 4
5 3 14 7 4
5 36 4 9 3
2 212 47 41 39
2 162 48 42 40
2 217 151 42 44
2 111 51 38 40
2 163 153 45 43
2 111 155 41 40
3 162 99 42 44
3 215 99 43 44
3 111 102 38 43
5 26 3 10 7
5 9 8 7 2
2 161 48 41 39
2 212 47 41 39
2 164 153 46 43
2 217 151 42 44
2 111 51 39 40
2 112 163 41 23
3 162 99 42 44
3 215 99 43 44
3 111 102 38 43
5 13 4 27 8
2 162 48 42 40
2 217 151 42 44
2 212 47 41 39
2 164 153 46 43
2 111 51 39 40
2 112 155 42 40
3 162 98 42 45
3 215 98 43 45
3 110 102 37 43
5 23 6 10 5
2 162 48 42 40
2 212 47 41 39
2 217 151 42 44
2 111 51 38 40
2 164 153 46 43
2 111 146 41 23
3 162 99 42 44
3 215 99 43 44
3 110 103 37 42
5 32 1 9 3
5 13 2 12 5
2 162 48 42 40
2 212 47 41 39
2 217 151 42 44
2 163 153 45 43
2 111 51 39 39
2 112 155 42 40
3 162 98 42 45
3 215 99 43 44
3 111 102 38 43
5 20 4 29 8
2 162 48 42 40
2 217 151 42 44
2 212 47 41 39
2 164 153 46 43
2 111 51 38 40
2 111 155 41 40
3 162 98 42 45
3 215 98 43 45
3 111 103 38 42
5 18 3 37 6
2 162 48 42 40
2 212 47 41 39
2 217 151 42 43
2 163 153 45 43
2 111 51 39 40
2 112 155 42 40
3 162 98 42 45
3 215 98 43 45
3 110 102 37 43
5 11 3 14 6
5 34 1 8 3
2 162 48 42 40
2 212 47 41 39
2 217 151 42 43
2 111 51 39 39
2 164 153 46 43
2 112 154 42 39
3 162 99 42 44
3 215 98 43 45
3 110 102 37 43
5 18 3 37 7
5 2 191 5 5
2 162 48 42 40
2 212 47 41 39
2 217 151 42 44
2 111 51 39 40
2 164 153 46 43
2 111 155 41 40
3 162 98 42 44
3 215 98 43 45
3 110 102 37 43
5 19 2 39 4
2 162 48 42 40
2 217 151 42 44
2 212 47 41 39
2 163 153 45 43
2 111 51 39 40
2 111 155 40 40
3 162 98 42 45
3 215 99 43 44
3 110 102 37 43
2 162 48 42 40
2 212 47 41 39
2 217 151 42 44
2 111 51 38 40
2 163 153 45 43
2 111 155 40 40
3 162 98 42 45
3 215 99 43 44
3 110 103 37 42
5 8 1 13 2
2 162 48 42 40
2 164 153 46 43
2 213 47 42 39
2 217 151 42 44
2 111 51 39 40
2 112 154 42 39
3 162 98 42 45
3 215 98 43 45
3 110 102 37 43
5 7 2 14 4
5 3 14 7 5
5 2 193 5 4
2 162 48 42 40
2 213 47 42 39
2 163 153 45 43
2 217 151 42 44
2 111 51 39 40
2 112 155 42 40
3 162 99 42 44
3 216 98 42 45
3 110 102 37 43
5 7 3 15 6
5 30 2 15 4
2 162 48 42 40
2 212 47 41 39
2 164 153 46 43
2 217 151 42 44
2 111 51 38 40
2 112 155 42 40
3 162 98 42 45
3 215 98 43 45
3 110 103 37 42
5 32 2 7 5
5 6 10 12 7
2 162 48 42 40
2 212 47 41 39
2 217 151 42 44
2 111 51 39 40
2 163 153 45 43
2 112 155 42 40
3 162 98 42 45
3 215 98 43 45
3 110 103 37 42
5 34 2 9 5
2 162 48 42 39
2 163 153 45 43
2 212 47 41 39
2 217 151 42 44
2 111 51 38 40
2 111 155 41 40
3 162 99 42 44
3 215 99 43 44
3 110 103 37 42
5 14 5 29 3
5 34 1 8 3
2 162 48 42 40
2 212 47 41 39
2 217 151 42 44
2 163 153 45 43
2 111 51 39 40
2 111 155 41 40
3 162 98 42 45
3 215 99 43 44
3 110 102 37 43
5 22 7 9 4
2 162 48 42 40
2 212 47 41 39
2 163 153 45 43
2 111 51 39 39
2 217 151 42 43
2 111 155 41 40
3 162 99 42 44
3 215 98 43 45
3 110 102 37 43
5 17 9 20 4
2 162 48 42 39
2 212 47 41 39
2 217 151 42 44
2 164 153 46 43
2 111 51 38 40
2 111 147 41 25
3 162 98 42 43
3 215 98 43 45
3 110 103 37 42
5 33 4 11 9
2 212 47 41 39
2 162 48 42 40
2 217 151 42 44
2 111 51 39 40
2 163 153 45 43
2 112 155 41 40
3 162 98 42 45
3 215 98 43 45
3 110 102 37 43
2 162 48 42 40
2 212 47 41 38
2 217 151 42 44
2 163 153 45 43
2 111 51 38 40
2 111 155 40 40
3 162 98 42 45
3 215 99 43 44
3 110 103 37 42
5 9 5 18 7
2 162 48 42 39
2 212 47 41 39
2 217 151 42 44
2 111 51 39 40
2 112 154 42 39
2 163 145 45 26
3 162 98 42 45
3 215 98 43 45
3 110 102 37 43
5 6 7 8 14
5 23 7 11 4
2 162 48 42 39
2 212 47 41 39
2 164 153 46 43
2 217 151 42 44
2 111 51 38 40
2 111 155 41 40
3 162 99 42 44
3 215 98 43 45
3 111 102 38 43
5 25 6 9 2
2 162 48 42 40
2 212 47 41 39
2 217 151 42 44
2 164 153 46 43
2 111 51 38 40
2 111 145 41 20
3 162 99 42 44
3 215 99 43 44
3 110 103 37 42
5 11 7 7 4
2 162 48 42 40
2 217 151 42 44
2 212 47 41 39
2 164 153 46 43
2 111 51 38 40
2 112 154 42 39
3 162 99 42 44
3 215 98 43 45
3 111 103 38 42
5 6 3 13 3
2 162 48 42 40
2 212 47 41 39
2 217 151 42 44
2 111 51 38 40
2 164 153 46 43
2 111 155 41 40
3 162 99 42 44
3 215 99 43 44
3 110 102 37 43
5 7 6 15 4
2 162 48 42 40
2 212 47 41 39
2 217 151 42 44
2 164 153 46 43
2 111 51 38 39
2 111 155 41 40
3 162 99 42 44
3 215 99 43 44
3 110 103 37 42
5 28 4 17 8
5 5 7 10 2
2 162 48 42 40
2 213 47 42 39
2 217 151 42 44
2 111 51 39 40
2 164 150 46 37
2 112 145 42 20
3 162 98 42 45
3 215 98 43 45
3 111 103 38 42
5 25 6 10 4
5 3 13 7 3
2 162 48 42 40
2 163 153 45 43
2 212 47 41 39
2 217 151 42 44
2 111 51 38 40
2 112 155 42 40
3 162 99 42 44
3 215 98 43 45
3 111 102 38 43
5 34 1 6 3
5 7 6 14 2
2 161 48 41 40
2 212 47 41 39
2 163 153 45 43
2 111 51 38 40
2 217 151 42 44
2 111 154 40 39
3 162 98 42 44
3 215 99 43 44
3 111 103 38 42
2 161 48 41 40
2 217 151 42 44
2 212 47 41 39
2 164 153 46 43
2 111 51 39 40
2 111 155 41 40
3 162 99 42 44
3 215 98 43 45
3 110 103 37 42
5 30 2 13 3
5 8 9 6 3
2 162 48 42 40
2 212 47 41 39
2 217 151 42 44
2 163 153 45 43
2 111 51 39 40
2 111 155 41 40
3 162 98 42 45
3 215 99 43 44
3 111 102 38 43
5 1 186 2 6
2 162 48 42 40
2 217 151 42 44
2 212 47 41 39
2 163 153 45 43
2 111 51 38 40
2 112 155 42 40
3 162 99 42 44
3 215 98 43 45
3 110 103 37 42
5 25 7 14 4
5 8 1 17 2
2 162 48 42 40
2 212 47 41 39
2 217 151 42 44
2 163 153 45 43
2 111 51 38 40
2 112 148 42 26
3 162 98 42 45
3 215 99 43 44
3 110 103 37 42
5 13 3 6 3
5 35 2 7 4
2 162 48 42 40
2 212 47 41 39
2 217 151 42 43
2 111 51 39 40
2 163 153 45 43
2 112 155 42 40
3 162 98 42 44
3 215 99 43 44
3 110 102 37 41
5 24 7 13 4
5 7 2 14 4
2 217 151 42 44
2 162 48 43 40
2 212 47 41 39
2 163 153 45 43
2 111 51 39 40
2 111 155 41 40
3 162 98 42 45
3 215 99 43 44
3 111 103 38 42
5 15 6 31 3
5 35 1 6 3
2 162 48 42 40
2 212 47 41 39
2 217 151 42 43
2 164 153 46 43
2 111 51 39 40
2 112 165 41 19
3 162 98 42 45
3 215 98 43 45
3 111 103 38 42
5 17 3 26 3
2 163 153 45 43
2 162 48 42 40
2 217 151 42 44
2 212 47 41 39
2 111 51 39 40
2 111 155 41 40
3 162 98 42 44
3 215 98 43 45
3 111 103 38 42
5 28 5 20 7
2 162 48 42 40
2 213 47 42 39
2 164 153 46 43
2 111 51 39 40
2 217 151 42 44
2 111 155 41 40
3 162 98 42 45
3 215 98 43 45
3 111 103 38 42
5 14 5 28 7
2 161 48 41 40
2 164 153 46 43
2 212 47 41 39
2 217 151 42 44
2 111 51 39 40
2 112 155 42 40
3 162 98 42 45
3 215 99 43 44
3 110 103 37 42
5 5 6 10 3
2 162 48 42 40
2 212 47 41 39
2 217 151 42 44
2 111 51 38 40
2 163 153 45 43
2 111 155 41 40
3 162 98 42 45
3 215 98 43 45
3 111 102 38 43
2 162 48 42 40
2 212 47 41 39
2 217 151 43 44
2 163 153 45 43
2 111 51 38 40
2 112 155 42 40
3 162 98 42 45
3 215 98 43 45
3 111 102 38 43
5 30 3 15 6
2 162 48 42 40
2 213 47 42 39
2 217 151 42 44
2 164 153 46 43
2 111 51 38 40
2 111 155 41 40
3 162 98 42 45
3 215 99 43 44
3 110 103 37 42
5 28 2 17 4
2 162 48 42 40
2 163 153 45 43
2 212 47 41 39
2 217 151 43 44
2 111 51 39 40
2 111 155 41 40
3 162 99 42 44
3 215 99 43 44
3 110 102 37 43
5 18 7 37 6
2 162 48 42 40
2 212 47 41 39
2 217 151 42 44
2 111 51 39 40
2 163 153 45 43
2 112 144 42 18
2 124 170 12 2
3 162 99 42 44
3 215 98 43 45
3 110 103 37 42
5 14 3 28 4
2 162 48 42 40
2 213 47 42 39
2 217 151 42 44
2 163 153 45 43
2 111 51 39 40
2 112 155 42 40
3 162 98 43 45
3 215 98 43 45
3 110 103 37 42
5 25 6 9 2
5 9 8 8 3
2 162 48 42 40
2 212 47 41 39
2 111 51 38 40
2 164 153 46 43
2 217 151 42 44
2 112 155 42 40
3 162 99 42 44
3 215 98 43 45
3 111 102 38 43
5 15 2 7 5
2 162 48 42 40
2 212 47 41 39
2 217 151 42 44
2 164 153 46 43
2 111 51 39 40
2 111 155 41 40
3 162 98 42 45
3 215 98 43 45
3 110 102 37 43
5 31 4 13 9
5 7 6 15 4
2 162 48 42 40
2 212 47 41 38
2 163 153 45 43
2 111 51 38 40
2 217 151 42 44
2 112 155 42 40
3 162 98 42 45
3 215 98 43 45
3 110 102 37 43
5 13 3 11 7
5 33 1 10 3
2 162 48 42 40
2 213 47 42 38
2 217 151 42 44
2 163 153 45 43
2 111 51 38 40
2 112 155 42 40
3 162 98 42 43
3 215 98 43 45
3 110 103 37 42
5 30 2 15 5
2 162 48 42 40
2 212 47 41 39
2 163 153 45 43
2 217 151 42 44
2 111 51 38 40
2 112 155 42 40
3 162 98 42 45
3 215 99 43 44
3 111 102 38 43
5 24 5 7 4
5 33 1 7 2
2 162 48 42 40
2 213 47 42 39
2 163 153 45 43
2 217 151 42 44
2 111 51 39 40
2 111 155 41 40
3 162 99 42 44
3 215 99 43 44
3 111 102 38 43
5 22 1 15 3
2 162 48 42 40
2 213 47 42 39
2 217 151 42 44
2 111 51 38 40
2 163 153 45 43
2 112 155 42 40
3 162 99 42 44
3 215 98 43 45
3 111 102 38 43
5 25 5 7 3
2 161 48 41 39
2 212 47 41 39
2 217 151 42 44
2 164 153 46 43
2 111 51 39 40
2 112 155 42 40
3 162 98 42 45
3 215 99 43 44
3 110 103 37 42
2 162 48 42 40
2 163 153 45 43
2 212 47 41 39
2 217 151 42 43
2 111 51 39 40
2 112 155 42 40
3 162 98 42 45
3 215 99 43 44
3 111 102 38 43
5 30 3 13 2
2 162 48 42 40
2 212 47 40 39
2 217 151 42 44
2 111 51 38 40
2 164 153 46 43
2 112 155 42 40
3 162 98 42 45
3 215 98 43 45
3 110 103 37 42
5 7 6 14 3
5 33 2 5 2
2 162 48 42 40
2 213 47 42 39
2 217 151 42 44
2 164 153 46 43
2 111 51 38 40
2 112 155 42 40
3 162 98 42 43
3 215 98 43 45
3 110 102 37 43
5 4 13 8 4
2 162 48 42 40
2 212 47 41 39
2 111 51 39 39
2 163 153 45 43
2 217 144 42 28
2 111 147 41 24
3 162 99 42 44
3 215 98 43 45
3 111 102 38 43
5 30 3 16 7
2 162 48 42 40
2 213 47 42 39
2 164 153 46 43
2 217 151 42 44
2 111 51 39 40
2 111 155 41 40
3 162 98 42 45
3 216 99 42 44
3 111 102 38 43
5 16 7 14 3
2 162 48 42 40
2 212 47 41 39
2 217 151 42 44
2 111 51 38 40
2 164 153 46 43
2 111 154 41 39
3 162 99 42 44
3 215 99 43 44
3 110 103 37 42
5 25 4 5 5
2 162 48 42 40
2 212 47 41 38
2 217 151 42 44
2 163 153 45 43
2 111 51 39 40
2 112 155 42 40
3 162 99 42 44
3 215 98 43 45
3 110 103 37 42
5 21 2 38 5
2 162 48 42 40
2 212 47 41 39
2 217 151 42 44
2 164 153 46 43
2 111 51 38 40
2 111 155 41 40
3 162 99 42 44
3 215 98 43 45
3 111 103 38 42
5 7 2 15 4
5 35 2 7 4
2 162 48 42 40
2 212 47 41 38
2 217 151 42 44
2 163 153 45 43
2 111 51 39 40
2 111 155 41 40
3 162 98 42 45
3 215 98 43 45
3 110 103 37 42
5 23 6 13 4
2 162 48 42 39
2 212 47 41 39
2 217 151 42 44
2 163 153 45 43
2 111 51 38 40
2 111 155 41 40
3 162 98 42 45
3 215 98 43 45
3 111 103 38 42
5 13 3 8 3
2 162 48 42 40
2 212 47 41 39
2 217 151 42 44
2 163 153 45 43
2 111 51 39 40
2 112 162 40 25
3 162 98 42 45
3 216 98 42 45
3 111 103 38 42
5 6 4 12 8
5 28 5 14 2
2 162 48 42 40
2 213 47 42 39
2 163 153 45 43
2 217 151 42 44
2 111 51 38 40
2 112 155 42 40
3 162 98 42 45
3 215 99 43 44
3 111 103 38 42
5 8 7 17 13
5 33 1 7 3
2 162 48 42 40
2 212 47 41 39
2 217 151 42 44
2 111 51 38 40
2 164 153 46 43
2 112 155 42 40
3 162 98 42 45
3 215 99 43 44
3 111 103 38 42
5 24 5 13 7
2 162 48 42 40
2 217 151 42 44
2 212 47 41 39
2 163 153 45 43
2 111 51 39 40
2 111 155 41 40
3 162 99 43 44
3 215 98 43 45
3 110 103 37 42
5 15 4 29 5
2 162 48 42 39
2 212 47 40 39
2 217 151 42 44
2 111 51 39 40
2 164 153 46 43
2 112 147 42 25
3 162 99 42 44
3 215 98 43 45
3 111 103 38 42
5 33 1 6 2
5 14 3 7 3
2 162 48 42 40
2 212 47 41 39
2 217 151 42 44
2 164 153 46 43
2 111 51 39 40
2 112 155 42 40
3 162 98 42 45
3 215 98 43 45
3 110 102 37 43
5 4 11 9 3
5 25 5 8 2
2 162 48 42 40
2 212 47 41 39
2 217 151 42 44
2 111 51 39 40
2 163 153 45 43
2 112 155 42 40
3 162 99 42 44
3 215 99 43 44
3 111 102 38 43
5 14 3 7 4
5 33 2 7 5
2 163 153 45 43
2 217 151 42 44
2 162 48 42 40
2 212 47 41 39
2 111 51 38 40
2 111 155 41 40
3 162 99 43 44
3 215 98 43 45
3 110 102 37 43
5 18 6 24 6
2 162 48 42 40
2 213 47 42 39
2 217 151 42 44
2 111 51 39 40
2 164 153 46 43
2 112 155 42 40
3 162 99 42 44
3 215 98 43 45
3 110 103 37 42
5 9 1 17 3
2 162 48 42 39
2 212 47 41 39
2 164 153 46 43
2 217 151 42 44
2 111 51 38 40
2 111 158 41 33
3 162 98 42 45
3 215 99 43 44
3 111 102 38 43
5 18 6 25 13
2 162 48 42 40
2 212 47 41 39
2 164 153 46 43
2 111 51 38 40
2 217 143 42 28
2 111 155 41 40
3 162 98 42 45
3 215 99 43 44
3 110 102 37 43
5 22 7 16 5
2 162 48 42 40
2 212 47 41 39
2 164 153 46 43
2 217 151 42 44
2 111 51 39 40
2 112 155 42 40
3 162 98 42 45
3 215 98 43 45
3 111 102 38 43
5 26 4 8 3
2 212 47 41 39
2 162 48 42 39
2 217 151 42 44
2 164 153 46 43
2 111 51 39 40
2 111 145 41 21
3 162 99 42 44
3 215 98 43 45
3 111 102 38 43
2 162 48 42 40
2 212 47 41 39
2 217 151 42 44
2 163 153 45 43
2 111 51 38 40
2 112 163 42 23
3 162 99 42 44
3 215 98 43 45
3 111 103 38 42
5 27 3 17 7
5 5 4 11 3
2 162 48 42 40
2 213 47 42 39
2 217 151 42 44
2 163 153 45 43
2 111 51 39 40
2 112 155 42 40
3 162 99 42 44
3 215 98 43 45
3 110 102 37 43
5 28 4 13 6
5 1 190 2 6
2 162 48 42 40
2 213 47 42 39
2 216 151 41 44
2 163 153 45 43
2 111 51 39 40
2 111 155 41 40
3 162 99 42 44
3 215 99 43 44
3 110 103 37 42
5 31 3 14 5
2 162 48 42 40
2 212 47 41 39
2 217 151 42 44
2 111 51 38 40
2 164 153 46 43
2 111 154 41 39
3 162 99 42 44
3 215 99 43 44
3 111 102 38 43
5 31 3 12 6
5 9 8 7 2
2 162 48 42 40
2 212 47 41 39
2 164 153 46 43
2 217 151 42 44
2 111 51 38 40
2 113 163 40 23
3 162 98 42 45
3 215 99 43 44
3 110 103 37 42
5 6 7 13 14
5 32 1 9 3
2 162 48 42 39
2 217 151 42 43
2 212 47 41 39
2 163 153 45 43
2 111 51 39 40
2 112 155 42 40
3 162 99 42 44
3 215 98 43 45
3 110 103 37 42
5 19 5 26 5
2 162 48 42 40
2 212 47 41 39
2 217 151 42 43
2 164 153 46 43
2 111 51 39 40
2 111 155 41 40
3 162 99 42 44
3 215 98 43 45
3 111 103 38 42
5 10 7 18 15
5 34 1 7 3
2 162 48 42 40
2 163 153 45 43
2 212 47 40 39
2 217 151 42 44
2 111 51 39 40
2 112 155 42 40
3 162 99 43 44
3 215 98 43 45
3 111 102 38 43
5 31 1 10 3
2 162 48 43 40
2 212 47 41 39
2 217 151 42 44
2 111 51 39 40
2 163 153 45 43
2 111 144 40 19
3 162 98 42 45
3 215 98 43 45
3 110 102 37 43
5 33 1 8 2
2 217 151 42 44
2 162 48 42 40
2 212 47 41 39
2 164 153 46 43
2 111 51 39 40
2 112 155 42 40
3 162 98 42 45
3 215 98 43 45
3 111 103 38 42
5 11 4 11 6
5 34 2 11 4
2 162 48 42 40
2 213 47 42 38
2 217 151 42 44
2 111 51 38 40
2 164 153 46 43
2 112 155 42 40
3 162 98 42 45
3 215 99 43 44
3 111 103 38 42
5 32 2 9 4
2 162 48 42 40
2 213 47 42 39
2 217 151 43 44
2 163 153 45 43
2 111 51 39 40
2 112 155 42 40
3 162 98 42 45
3 215 98 43 45
3 110 103 37 42
5 19 7 36 15
2 162 48 42 40
2 212 47 41 39
2 217 151 42 44
2 111 51 39 39
2 163 153 45 43
2 111 151 40 32
3 162 98 42 45
3 215 98 43 45
3 111 102 38 43
5 7 4 14 4
5 32 1 12 2
2 162 48 42 40
2 212 47 41 39
2 217 151 42 44
2 163 153 45 43
2 111 51 39 40
2 112 155 42 40
3 162 99 42 44
3 215 99 43 44
3 110 103 37 42
5 14 5 28 6
2 162 48 42 39
2 212 47 41 39
2 217 151 42 44
2 164 153 46 43
2 111 51 38 40
2 111 155 41 40
3 162 98 42 45
3 215 98 43 45
3 110 103 37 42
5 9 2 19 4
5 34 1 6 3
2 161 48 41 40
2 212 47 41 39
2 217 151 42 44
2 111 51 39 40
2 164 153 46 43
2 112 155 42 40
3 162 98 42 44
3 215 98 43 45
3 111 102 38 43
5 28 5 15 5
2 162 48 42 39
2 212 47 41 39
2 163 153 45 43
2 217 151 42 44
2 111 51 39 40
2 111 146 41 23
3 162 99 42 44
3 215 99 43 44
3 111 103 38 42
5 32 2 9 5
2 212 47 41 39
2 162 48 42 40
2 217 151 42 44
2 111 51 38 40
2 164 159 45 31
2 111 146 41 23
3 162 99 42 44
3 215 99 43 44
3 110 102 37 43
5 31 1 9 3
2 162 48 42 40
2 212 47 41 38
2 217 151 42 44
2 163 153 45 43
2 111 51 39 40
2 111 155 41 40
3 162 99 42 44
3 215 98 43 45
3 111 103 38 42
5 20 4 32 7
2 162 48 42 40
2 212 47 41 39
2 217 151 42 44
2 111 51 39 39
2 163 153 45 43
2 111 155 41 40
3 162 98 42 45
3 215 99 43 44
3 110 102 37 43
5 32 4 9 8
2 162 48 42 40
2 212 47 41 39
2 217 151 42 44
2 111 51 39 40
2 164 153 46 43
2 111 155 41 40
3 162 99 42 44
3 215 99 43 44
3 110 103 37 42
5 17 6 34 13
2 162 48 42 40
2 212 47 41 39
2 217 151 42 44
2 111 51 39 40
2 164 153 46 43
2 111 145 40 21
3 162 98 42 45
3 215 99 43 44
3 111 103 38 42
5 5 1 10 2
2 162 48 42 40
2 163 153 45 43
2 216 151 41 44
2 212 47 41 39
2 111 51 39 40
2 112 155 42 40
3 162 99 42 44
3 215 98 43 45
3 110 103 37 42
5 32 1 9 2
2 162 48 42 40
2 212 47 41 39
2 217 151 42 44
2 163 153 45 43
2 111 51 38 40
2 111 155 41 40
3 162 99 42 44
3 215 98 43 45
3 110 103 37 42
5 25 5 9 5
2 162 48 42 40
2 213 47 42 39
2 217 151 42 44
2 164 153 46 43
2 111 51 38 40
2 112 155 42 40
3 162 98 42 45
3 215 98 43 45
3 111 102 38 43
5 26 4 7 5
2 162 48 42 40
2 212 47 41 39
2 217 151 42 44
2 111 51 38 40
2 163 153 45 43
2 112 154 42 39
3 162 98 42 45
3 215 98 43 45
3 111 103 38 42
5 25 6 26 6
2 162 48 42 40
2 212 47 41 39
2 217 151 42 43
2 163 153 45 43
2 111 51 39 40
2 112 155 42 40
3 162 98 42 45
3 215 99 43 44
3 110 102 37 43
5 25 6 10 4
5 3 6 6 4
2 162 48 42 40
2 212 47 41 39
2 163 153 45 43
2 217 151 42 44
2 111 51 38 40
2 112 155 42 40
3 162 99 42 44
3 215 98 43 45
3 110 102 37 43
5 14 5 29 9
2 162 48 42 40
2 213 47 42 39
2 217 151 42 44
2 164 153 46 43
2 111 51 38 40
2 112 155 42 40
3 162 99 42 44
3 215 99 43 44
3 111 103 38 42
5 7 3 15 6
5 34 2 9 5
2 162 48 42 40
2 212 47 41 39
2 217 151 42 44
2 111 51 39 40
2 163 153 45 43
2 111 152 41 34
3 162 98 42 45
3 215 99 43 44
3 110 102 37 43
5 26 5 9 4
2 162 48 42 40
2 212 47 41 39
2 163 153 45 43
2 111 51 39 40
2 216 151 41 43
2 111 155 41 40
3 162 98 42 45
3 215 98 43 45
3 111 102 38 43
5 29 4 11 8
2 162 48 42 40
2 212 47 41 39
2 163 153 45 43
2 217 151 42 43
2 111 51 39 40
2 112 155 42 40
3 162 99 42 44
3 215 98 43 45
3 110 102 37 43
5 13 4 13 8
2 162 48 42 40
2 212 47 41 39
2 111 51 39 40
2 164 153 46 43
2 111 155 41 40
2 217 144 42 30
3 162 99 42 44
3 215 98 43 45
3 111 103 38 42
5 25 3 9 7
5 3 13 7 3
2 162 48 42 40
2 164 153 46 43
2 212 47 41 39
2 216 151 41 44
2 111 51 39 40
2 112 155 42 40
3 162 98 42 45
3 215 98 43 45
3 111 102 38 43
5 29 2 17 5
5 4 1 8 2
2 162 48 42 40
2 212 47 41 39
2 217 151 42 43
2 111 51 39 40
2 164 153 46 43
2 111 144 41 19
2 128 168 7 4
3 162 99 42 44
3 215 99 43 44
3 111 102 38 42
5 33 3 9 5
5 12 4 6 3
2 162 48 42 40
2 163 153 45 43
2 212 47 41 39
2 217 151 42 44
2 111 51 39 40
2 112 155 42 40
3 162 99 42 44
3 216 99 42 44
3 110 103 37 42
5 11 3 10 3
2 162 48 42 40
2 213 47 42 39
2 217 151 42 44
2 111 51 38 40
2 112 154 42 39
2 163 146 44 29
3 162 98 42 45
3 215 98 43 45
3 110 103 37 42
5 18 8 36 10
2 163 153 45 43
2 162 48 42 40
2 212 47 41 39
2 217 151 42 44
2 111 51 39 40
2 111 155 41 40
3 162 98 42 45
3 215 99 43 44
3 110 103 37 42
5 30 3 14 7
2 162 48 43 40
2 212 47 41 39
2 217 151 42 44
2 164 153 46 43
2 111 51 38 40
2 111 152 41 34
3 162 98 42 45
3 215 99 43 44
3 110 103 37 42
5 4 1 8 3
5 31 1 7 2
2 161 48 41 40
2 213 47 42 39
2 217 151 42 44
2 163 153 45 43
2 111 51 39 40
2 112 154 42 39
3 162 98 42 45
3 215 98 43 45
3 110 103 37 42
5 3 7 6 11
2 162 48 42 40
2 212 47 41 39
2 217 151 42 44
2 111 51 38 40
2 163 153 45 43
2 111 155 41 40
3 162 98 42 43
3 215 98 43 45
3 111 102 38 43
5 8 2 12 4
2 217 151 42 44
2 162 48 42 40
2 212 47 41 39
2 163 153 45 43
2 111 51 39 40
2 112 155 42 40
3 162 98 42 45
3 215 98 43 45
3 110 103 37 42
5 30 3 17 6
