1 94 97 46 51
1 90 154 43 43
2 47 150 32 38
4 147 158 45 43
6 45 97 35 43
6 46 44 37 42
1 94 97 44 51
1 91 155 42 44
2 47 150 33 40
4 147 159 45 44
6 45 97 35 43
6 48 44 38 41
1 91 98 49 50
1 91 155 44 44
2 46 150 33 39
4 147 159 45 45
6 44 98 35 44
6 48 44 36 42
1 92 97 45 51
1 90 156 41 44
2 46 151 32 40
4 147 159 47 43
6 44 97 36 43
6 48 44 36 42
1 93 97 45 51
1 90 155 43 44
2 47 150 32 40
4 147 159 45 44
6 45 98 36 44
6 47 44 38 41
1 94 97 44 51
1 91 155 42 44
2 47 150 32 38
4 147 158 45 43
6 45 98 35 42
6 48 43 38 41
1 93 97 45 51
1 90 155 43 44
2 47 149 32 38
4 147 159 45 44
6 46 98 36 44
6 48 44 38 41
1 93 97 45 51
1 90 155 42 44
2 46 150 32 39
4 147 159 45 44
6 44 97 36 43
6 46 44 39 42
1 93 97 45 51
1 90 155 43 44
2 46 150 33 39
4 147 159 45 44
6 44 98 35 44
6 47 44 37 42
1 94 97 44 51
1 90 155 43 44
2 47 150 32 38
4 147 159 45 44
6 45 98 36 44
6 47 44 39 42
1 93 97 45 51
1 90 155 43 44
2 47 150 32 40
4 147 159 45 44
6 45 98 36 44
6 47 44 37 41
1 93 97 45 51
1 91 155 42 45
2 46 150 33 39
4 147 159 45 44
6 44 97 35 43
6 47 44 39 42
1 93 97 45 51
1 90 155 43 45
2 46 150 33 40
4 147 159 45 44
6 44 98 35 43
6 46 43 39 41
1 93 97 45 51
1 90 155 43 44
2 47 150 33 40
4 148 158 44 43
6 45 98 36 42
6 47 44 38 42
1 93 97 45 51
1 90 155 43 44
2 47 150 32 39
4 147 159 45 44
6 45 97 36 43
6 47 44 38 42
1 93 97 45 51
1 90 155 43 45
2 46 150 33 40
4 147 159 46 44
6 44 98 35 44
6 46 43 37 41
1 93 97 45 51
1 90 155 43 44
2 46 150 33 39
4 147 159 45 44
6 45 98 34 44
6 47 44 40 42
1 93 97 45 51
1 90 155 42 44
2 47 150 32 40
4 147 159 45 44
6 44 98 35 44
6 47 44 38 42
1 94 97 46 51
1 90 155 43 44
2 46 150 33 40
4 147 159 45 44
6 45 97 36 43
6 47 43 38 41
1 94 97 46 51
1 90 155 43 44
2 46 150 32 39
4 147 159 46 44
6 45 97 36 43
6 47 44 39 41
1 93 97 45 51
1 90 155 43 44
2 46 150 33 40
4 147 159 45 44
6 44 98 36 44
6 48 44 37 42
1 93 97 45 51
1 90 155 43 44
2 47 150 34 40
4 147 159 45 44
6 45 98 36 43
6 47 44 39 40
1 93 97 45 51
1 90 155 43 44
2 47 150 32 40
4 147 159 45 44
6 45 97 36 43
6 48 44 38 42
1 93 97 45 51
1 90 155 43 44
2 46 149 32 39
4 147 159 45 44
6 45 98 36 44
6 48 44 38 42
1 93 97 45 51
1 90 155 43 44
2 46 150 33 40
4 147 159 45 44
6 45 97 36 43
6 47 44 38 42
1 93 97 45 51
1 90 155 43 44
2 46 150 33 39
4 147 159 45 44
6 44 97 35 43
6 49 44 35 42
1 94 98 46 50
1 90 155 42 44
2 46 150 33 39
4 147 159 45 44
6 45 98 36 44
6 49 44 35 40
1 93 97 45 51
1 90 155 43 44
2 46 150 31 39
4 147 159 45 44
6 44 98 35 44
6 47 44 39 41
1 94 97 44 51
1 90 155 43 44
2 46 150 33 39
4 147 159 45 44
6 45 97 36 43
6 47 44 38 41
1 93 97 45 51
1 90 155 43 44
2 46 150 33 40
4 147 159 45 44
6 44 98 35 44
6 47 44 38 42
1 93 97 45 51
1 90 155 43 44
2 47 149 32 39
4 147 159 45 44
6 45 98 36 44
6 49 43 34 41
1 93 97 45 51
1 90 155 43 44
2 46 150 33 40
4 147 159 45 44
6 45 98 36 44
6 47 44 39 42
1 93 98 45 50
1 90 155 43 44
2 46 150 33 40
4 147 159 45 44
6 44 98 35 42
6 49 44 34 40
1 93 97 45 51
1 90 155 43 44
2 46 150 33 40
4 147 159 45 44
6 44 98 35 43
6 47 44 37 42
1 93 97 45 51
1 90 155 43 44
2 46 150 33 40
4 147 159 45 44
6 44 98 35 44
6 47 44 39 42
1 93 98 45 50
1 90 155 43 44
2 47 150 32 40
4 147 158 45 43
6 45 98 36 44
6 47 44 38 41
1 93 97 45 51
1 90 155 43 44
2 46 150 33 40
4 147 159 45 44
6 44 97 35 43
6 48 44 38 42
1 93 97 45 51
1 90 155 43 44
2 46 150 33 40
4 147 159 45 44
6 45 97 36 43
6 47 44 38 42
1 93 97 45 51
1 90 155 43 44
2 46 150 33 40
4 147 159 45 44
6 45 97 36 43
6 47 44 38 41
1 93 98 45 50
1 90 155 43 44
2 46 150 33 40
4 147 159 45 44
6 44 97 35 43
6 47 44 39 42
1 94 97 44 51
1 90 155 43 44
2 46 150 33 39
4 147 159 45 44
6 44 97 35 43
6 47 44 39 41
1 93 98 45 50
1 87 155 49 44
2 47 150 34 39
4 147 159 45 44
6 45 98 36 44
6 47 43 37 41
1 93 98 45 50
1 87 155 49 44
2 46 150 33 39
4 147 159 45 44
6 45 97 36 43
6 47 44 38 41
1 93 98 45 50
1 90 155 43 44
2 46 150 33 40
4 147 159 45 44
6 45 98 36 44
6 48 44 36 42
1 93 97 45 51
1 90 155 43 44
2 46 150 33 40
4 147 159 46 44
6 45 97 36 43
6 46 44 39 42
1 93 97 45 51
1 90 155 43 44
2 46 150 33 39
4 148 159 46 44
6 44 98 35 44
6 47 44 37 42
1 93 98 45 50
1 90 155 43 44
2 47 150 33 40
4 147 159 45 44
6 45 98 36 44
6 47 44 38 42
1 93 97 45 51
1 90 155 43 44
2 47 150 34 40
4 147 159 45 44
6 44 98 35 44
6 47 44 39 41
1 93 97 45 51
1 90 155 43 44
2 46 150 33 40
4 147 158 45 43
6 45 98 36 42
6 47 44 39 41
1 93 98 45 50
1 90 155 43 44
2 46 150 33 39
4 147 159 45 44
6 45 98 36 44
6 46 44 39 42
1 93 97 45 51
1 90 155 43 44
2 46 150 33 40
4 148 159 46 44
6 44 98 35 44
6 47 44 39 42
1 93 97 45 51
1 90 155 43 44
2 46 150 33 40
4 147 159 45 44
6 45 98 36 44
6 47 44 39 42
1 93 97 45 51
1 90 155 43 44
2 46 150 33 40
4 147 159 45 44
6 45 97 36 45
6 47 44 39 42
1 93 97 45 51
1 90 155 43 44
2 46 150 33 40
4 147 159 45 44
6 45 97 36 43
6 47 44 38 42
1 94 97 46 51
1 90 155 43 44
2 46 150 33 40
4 147 159 45 44
6 45 96 36 45
6 47 44 38 42
1 93 98 45 50
1 90 155 43 44
2 46 150 33 40
4 147 159 45 44
6 44 98 35 44
6 47 44 38 42
1 93 97 45 51
1 90 155 43 44
2 46 150 33 40
4 147 159 45 44
6 45 97 36 43
6 47 44 37 42
1 93 98 45 50
1 90 155 43 44
2 46 150 33 40
4 147 159 45 44
6 45 98 36 44
6 47 44 38 41
1 93 97 45 51
1 90 155 43 44
2 46 150 33 39
4 147 159 45 44
6 45 97 36 43
6 47 44 38 41
1 93 97 45 51
1 90 155 43 44
2 47 150 32 40
4 147 159 45 44
6 44 97 35 43
6 47 44 38 42
1 94 97 46 51
1 90 155 43 44
2 46 150 33 40
4 147 159 45 44
6 45 98 36 44
6 47 44 39 41
1 93 97 45 51
1 90 155 43 44
2 47 150 34 40
4 147 158 45 43
6 45 98 36 44
6 49 44 35 41
1 93 97 45 51
1 90 155 43 44
2 46 150 33 40
4 148 159 46 44
6 45 98 36 44
6 47 44 39 42
1 93 97 45 51
1 90 155 43 44
2 46 149 33 39
4 147 159 45 44
6 45 98 36 43
6 47 44 40 42
1 93 97 45 51
1 90 155 43 44
2 46 150 33 40
4 148 159 46 44
6 45 97 36 43
6 47 44 39 42
1 94 97 46 51
1 90 155 43 44
2 46 150 33 39
4 147 159 45 44
6 45 98 36 44
6 47 44 38 42
1 94 97 44 51
1 90 155 43 44
2 46 150 33 40
4 147 159 45 44
6 45 98 36 43
6 47 44 39 40
1 93 97 45 51
1 90 155 43 44
2 46 150 33 40
4 147 159 45 44
6 45 98 36 44
6 47 44 38 42
1 93 97 45 51
1 90 155 43 44
2 46 150 33 39
4 147 158 45 43
6 44 98 35 44
6 46 44 39 42
1 93 97 45 51
1 90 155 43 44
2 47 150 33 40
4 147 159 45 44
6 44 98 35 44
6 47 44 38 42
1 93 97 45 51
1 90 155 43 44
2 46 150 32 40
4 147 159 45 44
6 45 97 36 43
6 47 44 39 42
1 93 97 45 51
1 90 155 43 44
2 46 150 33 40
4 148 159 46 44
6 45 98 36 44
6 47 44 38 41
1 93 97 45 51
1 90 155 43 44
2 47 150 32 40
4 147 159 45 44
6 45 97 36 43
6 47 44 38 41
1 93 97 45 51
1 90 155 43 44
2 46 150 33 40
4 148 159 46 44
6 45 98 36 43
6 49 44 35 41
1 93 97 45 51
1 90 155 43 44
2 46 150 33 40
4 147 159 45 44
6 45 98 36 44
6 47 44 38 42
1 93 97 45 51
1 90 155 43 44
2 46 150 33 39
4 147 159 45 44
6 44 97 35 43
6 48 44 35 41
1 93 97 45 51
1 90 155 43 44
2 47 150 32 40
4 147 158 45 43
6 44 98 35 44
6 47 44 38 41
1 94 97 46 51
1 90 155 43 44
2 46 150 33 40
4 147 159 45 44
6 45 97 36 43
6 47 44 38 42
1 93 97 45 51
1 90 155 43 44
2 47 150 32 40
4 147 159 45 44
6 45 98 36 43
6 47 44 38 42
1 93 97 45 51
1 90 155 43 44
2 47 150 32 40
4 147 158 45 43
6 45 98 36 43
6 48 44 38 41
1 93 98 45 50
1 90 155 43 44
2 46 150 33 40
4 147 159 45 44
6 45 98 36 44
6 47 44 39 41
1 93 97 45 51
1 90 155 43 44
2 47 150 32 40
4 147 158 45 43
6 45 98 36 44
6 47 44 38 42
1 93 97 45 51
1 90 155 43 44
2 46 149 33 38
4 148 158 45 43
6 45 98 36 44
6 47 44 39 42
1 94 98 46 50
1 90 155 43 44
2 47 150 32 40
4 147 158 45 43
6 45 98 36 42
6 47 44 38 42
1 94 97 44 51
1 90 155 43 44
2 46 150 33 39
4 148 158 46 43
6 45 98 36 44
6 47 44 38 41
1 93 97 45 51
1 90 155 42 44
2 46 150 33 40
4 147 159 45 44
6 45 98 36 43
6 47 44 39 41
1 93 97 45 51
1 90 155 43 44
2 47 150 34 40
4 147 158 45 43
6 45 97 36 43
6 49 44 36 41
1 93 98 45 50
1 90 155 43 44
2 47 150 32 40
4 147 159 45 44
6 45 98 36 44
6 48 44 35 41
1 93 98 45 50
1 90 155 43 44
2 46 150 32 40
4 147 159 45 44
6 44 98 35 44
6 47 44 37 42
1 93 97 45 51
1 90 155 43 44
2 46 150 33 40
4 148 158 46 43
6 45 98 36 44
6 47 44 39 41
1 93 97 45 51
1 90 155 43 44
2 47 150 33 40
4 147 159 45 44
6 44 97 35 43
6 47 44 38 42
1 93 97 45 51
1 90 155 43 44
2 47 150 34 40
4 147 158 45 43
6 45 98 36 44
6 47 44 40 40
1 93 97 45 51
1 90 155 43 44
2 46 150 33 40
4 147 159 45 44
6 44 98 35 44
6 47 44 40 41
1 93 98 45 50
1 90 155 43 44
2 47 150 34 40
4 147 159 45 44
6 45 98 36 44
6 47 44 39 41
1 93 97 45 51
1 90 155 43 44
2 46 150 33 40
4 148 159 46 44
6 45 97 36 45
6 47 44 39 42
1 94 97 44 51
1 90 155 43 44
2 46 149 33 39
4 147 159 45 44
6 45 98 36 43
6 47 44 39 41
1 93 97 45 51
1 90 155 43 44
2 47 150 34 40
4 147 159 45 44
6 45 97 36 43
6 48 44 37 42
1 93 97 45 51
1 90 155 43 44
2 46 150 33 40
4 147 159 45 44
6 45 98 36 44
6 49 44 36 42
1 94 97 44 51
1 90 155 43 44
2 47 150 33 40
4 148 159 46 44
6 45 98 36 44
6 49 44 34 42
1 93 97 45 51
1 90 155 43 44
2 47 150 34 40
4 147 158 45 43
6 44 98 35 44
6 48 44 38 42
1 94 97 44 51
1 90 155 43 44
2 47 150 34 40
4 148 159 46 44
6 45 98 36 42
6 47 44 38 41
1 93 97 45 51
1 90 155 43 44
2 48 150 34 40
4 147 158 45 43
6 44 98 35 44
6 47 44 38 40
1 93 97 45 51
1 90 155 43 44
2 46 150 33 39
4 148 158 46 43
6 44 98 35 44
6 47 44 39 42
1 93 98 45 50
1 90 155 43 44
2 46 150 33 40
4 147 159 45 44
6 45 98 36 44
6 47 44 37 41
1 93 97 45 51
1 90 155 43 44
2 46 150 33 40
4 147 159 45 44
6 45 98 36 44
6 47 44 39 42
1 93 97 45 51
1 90 155 43 44
2 46 150 33 40
4 148 159 46 44
6 44 98 35 44
6 47 44 39 42
1 93 97 45 51
1 90 155 43 44
2 46 149 33 39
4 147 159 45 44
6 44 98 35 44
6 47 44 37 42
1 93 97 45 51
1 90 155 43 44
2 46 150 33 40
4 148 159 46 44
6 45 98 36 44
6 47 44 39 42
1 93 97 45 51
1 90 155 43 44
2 46 150 33 40
4 147 159 45 44
6 45 98 36 44
6 47 44 38 42
1 93 98 45 50
1 90 155 43 44
2 46 150 33 40
4 147 159 45 44
6 45 98 36 44
6 47 44 37 41
1 93 98 45 50
1 90 155 43 44
2 46 150 33 40
4 147 159 45 44
6 45 98 36 44
6 47 44 39 42
1 93 97 45 51
1 90 155 43 44
2 46 150 33 40
4 148 159 46 44
6 44 98 35 44
6 48 44 38 42
1 93 98 45 50
1 90 155 43 44
2 46 150 33 40
4 147 159 45 44
6 44 98 35 44
6 46 44 37 42
1 94 97 46 51
1 90 155 43 44
2 46 149 33 39
4 147 159 45 44
6 45 98 36 44
6 48 44 38 42
1 93 97 45 51
1 90 155 43 44
2 47 150 32 40
4 147 159 45 44
6 44 98 35 44
6 47 44 39 41
1 93 97 45 51
1 90 155 43 44
2 47 150 32 40
4 147 159 45 44
6 45 98 36 44
6 47 44 38 42
1 93 97 45 51
1 91 155 42 44
2 47 150 33 40
4 147 158 45 43
6 45 98 36 44
6 47 44 37 42
1 94 98 44 50
1 90 155 43 44
2 47 150 34 40
4 147 158 45 43
6 45 98 36 44
6 48 44 38 41
1 93 98 45 50
1 91 155 42 44
2 47 150 33 40
4 147 159 45 44
6 44 98 35 44
6 48 44 36 42
1 94 97 46 51
1 90 155 43 44
2 46 150 33 39
4 147 158 45 43
6 45 98 36 44
6 47 44 38 42
1 94 98 44 50
1 90 155 43 44
2 47 150 33 40
4 147 159 45 44
6 45 97 36 43
6 47 44 39 42
1 93 97 45 51
1 91 155 42 44
2 46 149 33 39
4 147 159 45 44
6 45 98 36 44
6 47 43 39 41
1 93 97 45 51
1 90 155 43 44
2 46 150 33 40
4 147 159 45 44
6 44 98 35 44
6 48 44 38 42
1 94 98 46 50
1 90 155 43 44
2 47 150 34 40
4 147 159 45 44
6 45 98 36 44
6 47 44 38 42
1 94 98 44 50
1 90 155 43 44
2 47 150 33 40
4 147 159 45 44
6 45 98 36 42
6 48 44 38 42
1 93 97 45 51
1 90 155 43 44
2 46 149 33 39
4 147 159 45 44
6 45 98 36 43
6 47 44 39 42
1 94 97 44 51
1 90 155 43 44
2 47 150 32 39
4 147 159 45 44
6 45 98 36 44
6 47 44 39 41
1 94 98 44 50
1 91 155 42 44
2 46 150 33 40
4 147 159 45 44
6 45 97 36 43
6 47 44 38 42
1 93 97 45 51
1 91 155 42 44
2 47 150 32 40
4 147 159 45 44
6 45 98 36 44
6 48 44 38 42
1 93 97 45 51
1 90 155 43 44
2 47 150 33 39
4 147 158 45 43
6 44 97 35 43
6 49 44 36 41
1 94 97 46 51
1 90 155 43 44
2 47 150 32 40
4 147 158 45 43
6 45 97 36 43
6 47 44 38 42
1 93 97 45 51
1 90 155 43 44
2 47 150 32 40
4 147 159 45 44
6 44 97 35 43
6 47 44 39 42
1 93 97 45 51
1 90 155 43 44
2 47 149 32 39
4 147 159 45 44
6 45 97 36 43
6 47 44 38 42
1 93 97 45 51
1 90 155 43 44
2 47 150 32 39
4 148 158 46 43
6 45 98 36 44
6 48 43 38 41
1 93 98 45 50
1 91 155 42 44
2 47 149 34 39
4 147 159 45 44
6 45 98 36 44
6 47 44 39 42
1 93 97 45 51
1 90 155 43 44
2 46 150 33 40
4 148 159 46 44
6 45 97 36 43
6 47 44 38 41
1 93 98 45 50
1 90 155 43 44
2 46 150 33 39
4 147 159 45 44
6 45 98 36 44
6 47 44 39 42
1 93 97 45 51
1 90 155 43 44
2 47 150 34 40
4 147 159 45 44
6 45 98 36 42
6 47 44 38 41
1 93 97 45 51
1 90 155 43 44
2 46 150 33 39
4 147 159 45 44
6 45 98 36 44
6 47 44 39 42
1 93 97 45 51
1 90 155 43 44
2 46 150 33 39
4 147 159 45 44
6 45 98 36 44
6 47 44 39 42
